1 0.37564102564102564 0.6655251141552512 0.12564102564102564 0.3538812785388128
3 0.491025641025641 0.589041095890411 0.10512820512820513 0.1643835616438356
1 0.6358974358974359 0.6689497716894978 0.1358974358974359 0.3607305936073059
6 0.6621794871794872 0.5422374429223744 0.11923076923076924 0.23515981735159816
3 0.308974358974359 0.6004566210045662 0.09487179487179487 0.1461187214611872
8 0.16794871794871793 0.4657534246575342 0.16153846153846155 0.182648401826484
3 0.42115384615384616 0.5753424657534246 0.052564102564102565 0.0821917808219178
3 0.5448717948717948 0.5856164383561644 0.028205128205128206 0.07534246575342465
1 0.9826923076923076 0.5764840182648402 0.029487179487179487 0.08904109589041095
1 0.9378205128205128 0.58675799086758 0.03205128205128205 0.0684931506849315
1 0.8935897435897436 0.5856164383561644 0.03076923076923077 0.07077625570776255
