3 0.532258064516129 0.705 0.16451612903225807 0.18
3 0.8951612903225806 0.67625 0.15161290322580645 0.1175
3 0.29758064516129035 0.63625 0.07903225806451612 0.1075
3 0.6564516129032258 0.655 0.08064516129032258 0.08
1 0.1 0.63625 0.03870967741935484 0.1325
3 0.5983870967741935 0.68125 0.05161290322580645 0.1575
3 0.442741935483871 0.61875 0.05 0.0725
3 0.38467741935483873 0.6075 0.043548387096774194 0.075
3 0.16612903225806452 0.615 0.04516129032258064 0.055
3 0.23225806451612904 0.6175 0.03870967741935484 0.055
3 0.2508064516129032 0.62875 0.024193548387096774 0.0675
