3 0.3111111111111111 0.8814814814814815 0.09259259259259259 0.09876543209876543
3 0.16018518518518518 0.7395061728395061 0.06851851851851852 0.07654320987654321
3 0.47314814814814815 0.9382716049382716 0.11296296296296296 0.11851851851851852
3 0.7064814814814815 0.945679012345679 0.10925925925925926 0.09876543209876543
3 0.6407407407407407 0.8580246913580247 0.08518518518518518 0.08641975308641975
3 0.5277777777777778 0.7024691358024692 0.06666666666666667 0.06172839506172839
3 0.27037037037037037 0.6703703703703704 0.05925925925925926 0.06666666666666667
3 0.39166666666666666 0.682716049382716 0.06111111111111111 0.06172839506172839
3 0.16666666666666666 0.682716049382716 0.07407407407407407 0.07654320987654321
3 0.4962962962962963 0.6580246913580247 0.06296296296296296 0.06172839506172839
3 0.44351851851851853 0.608641975308642 0.053703703703703705 0.04691358024691358
3 0.9555555555555556 0.6790123456790124 0.07777777777777778 0.06419753086419754
3 0.687962962962963 0.5925925925925926 0.05740740740740741 0.06419753086419754
3 0.22962962962962963 0.5888888888888889 0.05185185185185185 0.06172839506172839
3 0.850925925925926 0.5851851851851851 0.06481481481481481 0.06419753086419754
3 0.5879629629629629 0.7901234567901234 0.08333333333333333 0.08395061728395062
3 0.2972222222222222 0.7913580246913581 0.07592592592592592 0.10123456790123457
3 0.32407407407407407 0.5888888888888889 0.04814814814814815 0.04691358024691358
3 0.3537037037037037 0.6370370370370371 0.05925925925925926 0.05925925925925926
3 0.5907407407407408 0.5432098765432098 0.040740740740740744 0.044444444444444446
3 0.8138888888888889 0.5444444444444444 0.05 0.05185185185185185
8 0.20092592592592592 0.4740740740740741 0.06851851851851852 0.08888888888888889
3 0.7796296296296297 0.6407407407407407 0.07777777777777778 0.08148148148148149
3 0.9768518518518519 0.6407407407407407 0.03888888888888889 0.06666666666666667
3 0.7185185185185186 0.5370370370370371 0.044444444444444446 0.04691358024691358
3 0.6592592592592592 0.5148148148148148 0.037037037037037035 0.037037037037037035
3 0.6574074074074074 0.5432098765432098 0.03333333333333333 0.03950617283950617
3 0.6231481481481481 0.5617283950617284 0.053703703703703705 0.04691358024691358
3 0.5259259259259259 0.4925925925925926 0.03333333333333333 0.03209876543209877
3 0.487962962962963 0.49753086419753084 0.03888888888888889 0.03209876543209877
3 0.562962962962963 0.5074074074074074 0.03333333333333333 0.03209876543209877
3 0.3592592592592593 0.5234567901234568 0.03333333333333333 0.02962962962962963
3 0.29907407407407405 0.5456790123456791 0.046296296296296294 0.05432098765432099
3 0.4009259259259259 0.5814814814814815 0.046296296296296294 0.05185185185185185
3 0.3824074074074074 0.5518518518518518 0.03888888888888889 0.037037037037037035
3 0.20185185185185187 0.5185185185185185 0.04814814814814815 0.044444444444444446
8 0.4666666666666667 0.4666666666666667 0.040740740740740744 0.06419753086419754
8 0.43333333333333335 0.4777777777777778 0.037037037037037035 0.05185185185185185
