3 0.597872340425532 0.8118022328548644 0.06170212765957447 0.0733652312599681
3 0.7058510638297872 0.8261562998405104 0.07127659574468086 0.07974481658692185
3 0.6436170212765957 0.6929824561403509 0.04042553191489362 0.049441786283891544
3 0.9063829787234042 0.8365231259968102 0.05319148936170213 0.05582137161084529
3 0.9579787234042553 0.8716108452950558 0.045744680851063826 0.05901116427432217
3 0.6829787234042554 0.9681020733652312 0.07659574468085106 0.05741626794258373
3 0.8446808510638298 0.7647527910685805 0.031914893617021274 0.03987240829346093
3 0.8265957446808511 0.751993620414673 0.01276595744680851 0.030303030303030304
3 0.9026595744680851 0.7679425837320574 0.03297872340425532 0.03349282296650718
3 0.8808510638297873 0.75518341307815 0.02127659574468085 0.030303030303030304
3 0.8643617021276596 0.7440191387559809 0.015957446808510637 0.03668261562998405
3 0.926063829787234 0.7440191387559809 0.02446808510638298 0.03349282296650718
3 0.9579787234042553 0.722488038277512 0.02446808510638298 0.03508771929824561
3 0.5930851063829787 0.6044657097288676 0.026595744680851064 0.03508771929824561
3 0.6388297872340426 0.6068580542264753 0.026595744680851064 0.030303030303030304
3 0.6297872340425532 0.6507177033492823 0.03404255319148936 0.03508771929824561
3 0.5723404255319149 0.7129186602870813 0.04468085106382979 0.06379585326953748
8 0.5702127659574469 0.6547049441786283 0.03404255319148936 0.05901116427432217
8 0.23563829787234042 0.6730462519936204 0.047872340425531915 0.06379585326953748
8 0.09042553191489362 0.7671451355661882 0.18085106382978725 0.28708133971291866
8 0.9462765957446808 0.6570972886762361 0.035106382978723406 0.04146730462519936
