3 0.7923387096774194 0.8315412186379928 0.08064516129032258 0.1003584229390681
3 0.9405241935483871 0.6397849462365591 0.05241935483870968 0.06451612903225806
3 0.8402217741935484 0.6424731182795699 0.06149193548387097 0.07347670250896057
3 0.6365927419354839 0.6630824372759857 0.04939516129032258 0.06451612903225806
3 0.4621975806451613 0.71415770609319 0.05342741935483871 0.09498207885304659
8 0.6950604838709677 0.8709677419354839 0.09375 0.15770609318996415
3 0.39213709677419356 0.7741935483870968 0.05846774193548387 0.1111111111111111
3 0.5887096774193549 0.8172043010752689 0.05846774193548387 0.08960573476702509
3 0.5337701612903226 0.6326164874551972 0.04133064516129032 0.053763440860215055
3 0.7888104838709677 0.5707885304659498 0.03125 0.04121863799283154
3 0.7147177419354839 0.5564516129032258 0.02620967741935484 0.034050179211469536
3 0.6300403225806451 0.5645161290322581 0.03225806451612903 0.03942652329749104
3 0.6118951612903226 0.5277777777777778 0.02620967741935484 0.034050179211469536
3 0.07207661290322581 0.53584229390681 0.025201612903225805 0.03225806451612903
3 0.45211693548387094 0.5994623655913979 0.03326612903225806 0.04838709677419355
3 0.4425403225806452 0.5627240143369175 0.024193548387096774 0.03942652329749104
3 0.5050403225806451 0.5743727598566308 0.024193548387096774 0.04838709677419355
3 0.5277217741935484 0.5546594982078853 0.023185483870967742 0.03763440860215054
3 0.48588709677419356 0.5582437275985663 0.024193548387096774 0.03046594982078853
3 0.4571572580645161 0.5161290322580645 0.019153225806451613 0.02867383512544803
3 0.5645161290322581 0.5062724014336918 0.020161290322580645 0.026881720430107527
3 0.5090725806451613 0.48566308243727596 0.014112903225806451 0.025089605734767026
3 0.5292338709677419 0.4982078853046595 0.016129032258064516 0.025089605734767026
8 0.5756048387096774 0.5779569892473119 0.038306451612903226 0.06272401433691756
8 0.6844758064516129 0.4578853046594982 0.020161290322580645 0.044802867383512544
8 0.40725806451612906 0.48655913978494625 0.018145161290322582 0.03763440860215054
6 0.8921370967741935 0.5053763440860215 0.05443548387096774 0.06093189964157706
