3 0.31363636363636366 0.838047138047138 0.198989898989899 0.12996632996632998
3 0.5277777777777778 0.5673400673400674 0.07171717171717172 0.04107744107744108
3 0.36313131313131314 0.6515151515151515 0.11616161616161616 0.0734006734006734
3 0.021212121212121213 0.463973063973064 0.03636363636363636 0.020202020202020204
3 0.025757575757575757 0.49696969696969695 0.04141414141414142 0.02962962962962963
3 0.10757575757575757 0.47373737373737373 0.043434343434343436 0.016835016835016835
3 0.12575757575757576 0.4888888888888889 0.051515151515151514 0.02558922558922559
3 0.13636363636363635 0.4367003367003367 0.030303030303030304 0.011447811447811448
3 0.1590909090909091 0.44074074074074077 0.029292929292929294 0.011447811447811448
3 0.18838383838383838 0.44107744107744107 0.023232323232323233 0.010774410774410775
3 0.32626262626262625 0.46094276094276093 0.028282828282828285 0.015488215488215488
3 0.3702020202020202 0.46835016835016835 0.03535353535353535 0.015488215488215488
3 0.5646464646464646 0.45252525252525255 0.024242424242424242 0.012121212121212121
3 0.7121212121212122 0.4663299663299663 0.030303030303030304 0.016835016835016835
3 0.752020202020202 0.45252525252525255 0.021212121212121213 0.010774410774410775
