1 0.29 0.703125 0.165 0.5892857142857143
3 0.5 0.5189732142857143 0.115 0.21205357142857142
3 0.845625 0.5167410714285714 0.13875 0.18973214285714285
3 0.575 0.46986607142857145 0.06 0.12276785714285714
3 0.6225 0.4921875 0.0825 0.11830357142857142
3 0.090625 0.6573660714285714 0.17375 0.671875
8 0.234375 0.37276785714285715 0.13875 0.24553571428571427
3 0.428125 0.48549107142857145 0.11625 0.234375
4 0.340625 0.5301339285714286 0.05125 0.11383928571428571
4 0.411875 0.5825892857142857 0.06625 0.18303571428571427
1 0.3475 0.4720982142857143 0.0425 0.13616071428571427
1 0.42 0.515625 0.065 0.20535714285714285
3 0.126875 0.5680803571428571 0.09125 0.37276785714285715
