3 0.5077777777777778 0.802491103202847 0.13333333333333333 0.15302491103202848
3 0.6316666666666667 0.8202846975088968 0.09444444444444444 0.1103202846975089
6 0.5966666666666667 0.5987544483985765 0.09111111111111111 0.1583629893238434
3 0.19611111111111112 0.75355871886121 0.22333333333333333 0.297153024911032
3 0.7766666666666666 0.6663701067615658 0.07111111111111111 0.09786476868327403
3 0.6622222222222223 0.6263345195729537 0.057777777777777775 0.07829181494661921
3 0.8438888888888889 0.6405693950177936 0.06333333333333334 0.099644128113879
3 0.7277777777777777 0.6423487544483986 0.04666666666666667 0.09608540925266904
3 0.6627777777777778 0.5435943060498221 0.03666666666666667 0.06227758007117438
3 0.7266666666666667 0.5711743772241993 0.057777777777777775 0.060498220640569395
3 0.7666666666666667 0.5613879003558719 0.04666666666666667 0.06227758007117438
3 0.8477777777777777 0.5658362989323843 0.06 0.046263345195729534
3 0.8672222222222222 0.5080071174377224 0.04777777777777778 0.07295373665480427
3 0.7922222222222223 0.5151245551601423 0.035555555555555556 0.05516014234875445
1 0.04777777777777778 0.7891459074733096 0.02666666666666667 0.20818505338078291
1 0.03 0.797153024911032 0.03111111111111111 0.199288256227758
