3 0.6282608695652174 0.4725433526011561 0.13478260869565217 0.13583815028901733
3 0.2141304347826087 0.45375722543352603 0.15 0.08092485549132948
3 0.9163043478260869 0.4436416184971098 0.16304347826086957 0.1069364161849711
3 0.8619565217391304 0.4393063583815029 0.10217391304347827 0.10982658959537572
3 0.8130434782608695 0.43641618497109824 0.05217391304347826 0.10982658959537572
3 0.783695652173913 0.44508670520231214 0.09347826086956522 0.09248554913294797
3 0.7347826086956522 0.43786127167630057 0.0782608695652174 0.08959537572254335
3 0.3032608695652174 0.434971098265896 0.09782608695652174 0.06647398843930635
3 0.07934782608695652 0.4479768786127168 0.15434782608695652 0.14450867052023122
3 0.29891304347826086 0.4060693641618497 0.1673913043478261 0.1069364161849711
