3 0.225 0.7821670428893905 0.065 0.09706546275395034
3 0.925625 0.927765237020316 0.09625 0.1309255079006772
3 0.640625 0.945823927765237 0.09625 0.09932279909706546
3 0.8175 0.963882618510158 0.1075 0.06772009029345373
3 0.333125 0.8239277652370203 0.06875 0.12189616252821671
3 0.195625 0.7144469525959368 0.05875 0.0744920993227991
3 0.64875 0.6884875846501128 0.055 0.08577878103837472
3 0.685625 0.6557562076749436 0.03625 0.0744920993227991
3 0.74 0.6207674943566591 0.04 0.05869074492099323
3 0.706875 0.5586907449209932 0.03625 0.04740406320541761
3 0.65875 0.626410835214447 0.04 0.05191873589164785
3 0.3325 0.744920993227991 0.07 0.06320541760722348
3 0.298125 0.6681715575620768 0.04875 0.06320541760722348
3 0.193125 0.6297968397291196 0.04375 0.05417607223476298
3 0.36875 0.6072234762979684 0.0425 0.05869074492099323
3 0.43125 0.6331828442437923 0.04 0.056433408577878104
3 0.454375 0.5711060948081265 0.03125 0.040632054176072234
3 0.418125 0.5203160270880361 0.02875 0.04740406320541761
3 0.39375 0.5474040632054176 0.035 0.05191873589164785
3 0.37875 0.5146726862302483 0.03 0.03611738148984198
8 0.88125 0.7821670428893905 0.1125 0.2234762979683973
6 0.060625 0.7821670428893905 0.11875 0.22799097065462753
8 0.485625 0.4582392776523702 0.03375 0.07223476297968397
