3 0.8741666666666666 0.7633333333333333 0.23833333333333334 0.3466666666666667
3 0.6741666666666667 0.715 0.16833333333333333 0.2633333333333333
3 0.5616666666666666 0.6566666666666666 0.08333333333333333 0.14
3 0.35 0.7133333333333334 0.14333333333333334 0.23333333333333334
3 0.2425 0.6383333333333333 0.075 0.11
3 0.18083333333333335 0.66 0.06833333333333333 0.11333333333333333
3 0.4175 0.6266666666666667 0.058333333333333334 0.09333333333333334
3 0.5733333333333334 0.5316666666666666 0.05333333333333334 0.07666666666666666
3 0.5308333333333334 0.5366666666666666 0.041666666666666664 0.07333333333333333
3 0.8258333333333333 0.5 0.075 0.04666666666666667
3 0.97 0.485 0.05 0.03666666666666667
3 0.29333333333333333 0.6266666666666667 0.03 0.04666666666666667
