3 0.610625 0.908125 0.08625 0.12875
3 0.4675 0.949375 0.0975 0.09875
3 0.25875 0.961875 0.0975 0.07375
3 0.4928125 0.54375 0.050625 0.0625
3 0.744375 0.72 0.0625 0.105
3 0.3178125 0.875 0.083125 0.12
3 0.03875 0.63625 0.06875 0.0825
3 0.680625 0.51625 0.0475 0.085
3 0.4465625 0.609375 0.058125 0.07875
3 0.6215625 0.789375 0.073125 0.13875
3 0.5990625 0.518125 0.044375 0.06125
3 0.645625 0.62375 0.0525 0.08
3 0.13125 0.513125 0.06 0.08625
3 0.1646875 0.46 0.045625 0.0675
3 0.5721875 0.5825 0.053125 0.0775
3 0.419375 0.669375 0.06375 0.08625
3 0.3609375 0.455625 0.038125 0.05875
3 0.7375 0.6425 0.06625 0.105
3 0.2496875 0.445625 0.036875 0.06125
3 0.5396875 0.643125 0.054375 0.08375
3 0.331875 0.486875 0.045 0.05625
3 0.4521875 0.396875 0.033125 0.04625
3 0.1946875 0.58875 0.069375 0.105
3 0.57 0.434375 0.03125 0.05375
1 0.71625 0.358125 0.035 0.11625
1 0.689375 0.35625 0.02 0.0825
1 0.50125 0.349375 0.035 0.05875
1 0.469375 0.3575 0.03625 0.07
3 0.3634375 0.778125 0.079375 0.12625
3 0.0228125 0.579375 0.043125 0.09625
3 0.2984375 0.460625 0.036875 0.05125
3 0.2734375 0.521875 0.053125 0.08875
3 0.2996875 0.415 0.034375 0.0475
3 0.385625 0.405625 0.0275 0.04375
3 0.4184375 0.388125 0.028125 0.04625
3 0.4965625 0.38 0.021875 0.0375
3 0.6040625 0.399375 0.031875 0.05125
3 0.61875 0.4625 0.0375 0.075
3 0.6359375 0.43375 0.034375 0.0575
3 0.6596875 0.3975 0.023125 0.0425
3 0.708125 0.42625 0.04 0.065
3 0.6946875 0.45875 0.034375 0.055
3 0.6784375 0.380625 0.019375 0.03375
3 0.64375 0.378125 0.0175 0.02875
3 0.7575 0.390625 0.02 0.01875
