3 0.68125 0.8739583333333333 0.1671875 0.1875
3 0.438671875 0.5875 0.12734375 0.15208333333333332
3 0.25859375 0.4583333333333333 0.1015625 0.11666666666666667
3 0.19453125 0.1796875 0.0578125 0.059375
8 0.78984375 0.4713541666666667 0.1734375 0.26979166666666665
3 0.21953125 0.38229166666666664 0.0890625 0.09166666666666666
8 0.47890625 0.3651041666666667 0.184375 0.2947916666666667
8 0.510546875 0.2984375 0.13984375 0.21979166666666666
8 0.09765625 0.09427083333333333 0.0765625 0.11145833333333334
8 0.1515625 0.30572916666666666 0.1046875 0.11770833333333333
3 0.090625 0.265625 0.0609375 0.07083333333333333
3 0.022265625 0.14895833333333333 0.04140625 0.05416666666666667
3 0.01328125 0.08385416666666666 0.0234375 0.040625
