3 0.34921875 0.7037974683544304 0.2015625 0.10632911392405063
8 0.2828125 0.33860759493670883 0.165625 0.2240506329113924
8 0.11484375 0.429746835443038 0.2015625 0.2291139240506329
8 0.56328125 0.15759493670886077 0.1046875 0.11518987341772152
8 0.68671875 0.17974683544303796 0.0828125 0.09367088607594937
3 0.73828125 0.47025316455696203 0.1546875 0.06962025316455696
3 0.7375 0.39556962025316456 0.140625 0.04683544303797468
3 0.51875 0.38734177215189874 0.115625 0.06582278481012659
3 0.45234375 0.46772151898734177 0.1546875 0.07721518987341772
3 0.3890625 0.5968354430379746 0.2125 0.10253164556962026
3 0.1953125 0.890506329113924 0.35 0.20632911392405062
3 0.5671875 0.29050632911392404 0.13125 0.11012658227848102
3 0.7546875 0.33164556962025316 0.109375 0.035443037974683546
