3 0.5015625 0.43759873617693523 0.1484375 0.24328593996840442
3 0.837109375 0.4470774091627172 0.17109375 0.2843601895734597
3 0.163671875 0.5813586097946287 0.32734375 0.8183254344391785
3 0.36484375 0.41390205371248023 0.0890625 0.10426540284360189
3 0.956640625 0.4344391785150079 0.07109375 0.15481832543443919
3 0.7453125 0.40126382306477093 0.0453125 0.07266982622432859
3 0.675390625 0.37203791469194314 0.04140625 0.04897314375987362
8 0.667578125 0.3222748815165877 0.04453125 0.09794628751974724
8 0.633984375 0.3459715639810427 0.05234375 0.10742496050552923
8 0.7546875 0.3222748815165877 0.05 0.10426540284360189
