3 0.085546875 0.7087599544937428 0.13515625 0.1751990898748578
3 0.089453125 0.4601820250284414 0.09296875 0.11035267349260523
3 0.29765625 0.5113765642775882 0.09375 0.10580204778156997
3 0.798046875 0.7605233219567691 0.14453125 0.18543799772468714
3 0.782421875 0.20534698521046643 0.06015625 0.07622298065984073
3 0.160546875 0.2633674630261661 0.06171875 0.07167235494880546
3 0.30703125 0.6279863481228669 0.103125 0.15699658703071673
3 0.83046875 0.06996587030716724 0.0546875 0.06484641638225255
3 0.296875 0.22866894197952217 0.0609375 0.07053469852104664
3 0.419140625 0.11547212741751992 0.04453125 0.04664391353811149
3 0.6421875 0.3521046643913538 0.096875 0.1558589306029579
3 0.69453125 0.29579067121729236 0.0625 0.09101251422070535
3 0.518359375 0.07110352673492605 0.04140625 0.04209328782707622
3 0.3984375 0.04209328782707622 0.0453125 0.038680318543799774
3 0.613671875 0.0540386803185438 0.02265625 0.03981797497155859
