3 0.4765625 0.634009009009009 0.159375 0.11936936936936937
3 0.2375 0.6418918918918919 0.09375 0.11711711711711711
3 0.58046875 0.6109234234234234 0.1109375 0.15878378378378377
3 0.7078125 0.6233108108108109 0.0671875 0.06644144144144144
3 0.646484375 0.6086711711711712 0.04453125 0.04391891891891892
3 0.81015625 0.6024774774774775 0.0390625 0.038288288288288286
3 0.764453125 0.6024774774774775 0.03984375 0.036036036036036036
3 0.04375 0.6036036036036037 0.06875 0.0990990990990991
3 0.119921875 0.6013513513513513 0.10078125 0.16441441441441443
3 0.223828125 0.5850225225225225 0.09609375 0.11599099099099099
3 0.020703125 0.652027027027027 0.03359375 0.17117117117117117
3 0.871484375 0.597972972972973 0.03046875 0.033783783783783786
8 0.3734375 0.5630630630630631 0.1265625 0.20045045045045046
