3 0.311328125 0.5193452380952381 0.10078125 0.12202380952380952
3 0.91171875 0.5491071428571429 0.175 0.34226190476190477
3 0.55078125 0.49032738095238093 0.13125 0.14732142857142858
3 0.462890625 0.4806547619047619 0.05859375 0.10416666666666667
3 0.405078125 0.47767857142857145 0.05078125 0.05357142857142857
3 0.756640625 0.29836309523809523 0.07578125 0.09375
3 0.800390625 0.4055059523809524 0.09765625 0.11755952380952381
3 0.820703125 0.4836309523809524 0.07578125 0.13392857142857142
8 0.682421875 0.4367559523809524 0.12109375 0.28422619047619047
8 0.171875 0.42931547619047616 0.0703125 0.11160714285714286
8 0.380078125 0.41517857142857145 0.06328125 0.11607142857142858
3 0.122265625 0.44494047619047616 0.03515625 0.044642857142857144
