3 0.1546875 0.56875 0.134375 0.21805555555555556
3 0.29140625 0.3645833333333333 0.121875 0.1763888888888889
3 0.610546875 0.8916666666666667 0.24765625 0.21388888888888888
3 0.582421875 0.14097222222222222 0.09296875 0.1597222222222222
3 0.83828125 0.34652777777777777 0.1125 0.16805555555555557
3 0.0390625 0.42777777777777776 0.078125 0.225
3 0.644140625 0.1076388888888889 0.07734375 0.12916666666666668
3 0.8796875 0.15138888888888888 0.090625 0.14444444444444443
3 0.91015625 0.10694444444444444 0.0828125 0.1527777777777778
3 0.9421875 0.8541666666666666 0.075 0.1638888888888889
3 0.17734375 0.8798611111111111 0.25625 0.12083333333333333
