3 0.23046875 0.6949384404924761 0.2140625 0.2982216142270862
3 0.22421875 0.43502051983584133 0.1140625 0.16689466484268126
3 0.419140625 0.45554035567715456 0.10703125 0.15047879616963064
3 0.165234375 0.4883720930232558 0.11015625 0.15047879616963064
3 0.955078125 0.44459644322845415 0.06953125 0.15047879616963064
3 0.903515625 0.40902872777017785 0.04921875 0.13953488372093023
3 0.77421875 0.4794801641586867 0.159375 0.17920656634746923
3 0.865625 0.7346101231190151 0.1765625 0.19425444596443228
3 0.846875 0.612859097127223 0.1703125 0.17510259917920656
3 0.4453125 0.3331053351573187 0.0703125 0.06703146374829001
3 0.301953125 0.3372093023255814 0.08671875 0.09439124487004104
3 0.294140625 0.41997264021887826 0.03828125 0.11764705882352941
3 0.321484375 0.24008207934336526 0.07890625 0.10533515731874145
3 0.43828125 0.27359781121751026 0.0703125 0.08481532147742818
3 0.6578125 0.2647058823529412 0.065625 0.09165526675786594
3 0.661328125 0.34199726402188785 0.06953125 0.05471956224350205
3 0.672265625 0.426812585499316 0.04921875 0.09028727770177838
3 0.78671875 0.28385772913816687 0.0875 0.08071135430916553
3 0.8 0.35294117647058826 0.0828125 0.05471956224350205
3 0.98046875 0.5471956224350205 0.03125 0.16415868673050615
