3 0.374609375 0.7427884615384616 0.09765625 0.13221153846153846
3 0.25546875 0.5030048076923077 0.059375 0.0733173076923077
3 0.501953125 0.8930288461538461 0.12890625 0.16346153846153846
3 0.196484375 0.7085336538461539 0.08671875 0.109375
3 0.914453125 0.6556490384615384 0.08671875 0.11899038461538461
3 0.16328125 0.6189903846153846 0.0671875 0.08653846153846154
3 0.9375 0.4501201923076923 0.0625 0.06610576923076923
3 0.665234375 0.46153846153846156 0.05546875 0.0673076923076923
3 0.604296875 0.3996394230769231 0.05703125 0.07572115384615384
3 0.216015625 0.8611778846153846 0.11796875 0.1310096153846154
3 0.49375 0.3551682692307692 0.0453125 0.054086538461538464
3 0.16796875 0.5751201923076923 0.0703125 0.06850961538461539
3 0.315625 0.4495192307692308 0.05 0.0625
3 0.728125 0.4957932692307692 0.0609375 0.0733173076923077
3 0.878125 0.5703125 0.08125 0.10697115384615384
3 0.75 0.5775240384615384 0.08125 0.08052884615384616
3 0.135546875 0.48617788461538464 0.05703125 0.06610576923076923
3 0.11875 0.4453125 0.05 0.056490384615384616
3 0.286328125 0.38461538461538464 0.05390625 0.0673076923076923
8 0.883984375 0.3671875 0.09765625 0.16706730769230768
8 0.4546875 0.3010817307692308 0.0609375 0.12860576923076922
8 0.190625 0.35216346153846156 0.0734375 0.15384615384615385
