3 0.805078125 0.6781946072684643 0.30859375 0.3083235638921454
3 0.508984375 0.48534583821805394 0.09765625 0.11254396248534584
3 0.271484375 0.652989449003517 0.23515625 0.2532239155920281
3 0.79453125 0.42262602579132474 0.0796875 0.09026963657678781
3 0.45078125 0.4343493552168816 0.0609375 0.06916764361078546
3 0.2125 0.48710433763188743 0.1015625 0.1652989449003517
3 0.668359375 0.40504103165298944 0.07109375 0.1160609613130129
3 0.350390625 0.4097303634232122 0.04453125 0.04337631887456037
3 0.4421875 0.3851113716295428 0.0296875 0.026963657678780773
3 0.383984375 0.3851113716295428 0.02734375 0.031652989449003514
3 0.609765625 0.3786635404454865 0.02734375 0.02813599062133646
3 0.57578125 0.38159437280187575 0.025 0.026963657678780773
3 0.55546875 0.376905041031653 0.0234375 0.022274325908558032
