3 0.549609375 0.6347222222222222 0.08515625 0.14166666666666666
3 0.7515625 0.41805555555555557 0.053125 0.08611111111111111
3 0.43203125 0.275 0.0421875 0.05
3 0.301171875 0.22430555555555556 0.04296875 0.05138888888888889
8 0.624609375 0.35 0.07890625 0.2
8 0.545703125 0.2791666666666667 0.08203125 0.175
3 0.271875 0.7770833333333333 0.128125 0.1486111111111111
3 0.373046875 0.23333333333333334 0.04140625 0.05555555555555555
3 0.205859375 0.2222222222222222 0.04140625 0.04722222222222222
3 0.183984375 0.2013888888888889 0.03515625 0.03888888888888889
