3 0.2109375 0.7265625 0.2640625 0.290625
3 0.037109375 0.6291666666666667 0.07421875 0.09791666666666667
3 0.3703125 0.6286458333333333 0.128125 0.115625
3 0.734375 0.61875 0.0515625 0.0625
3 0.671484375 0.6291666666666667 0.08203125 0.1
3 0.273828125 0.4979166666666667 0.03828125 0.04583333333333333
3 0.522265625 0.6427083333333333 0.09296875 0.08333333333333333
3 0.592578125 0.6166666666666667 0.06328125 0.06666666666666667
3 0.766015625 0.5135416666666667 0.03828125 0.0375
3 0.705078125 0.4859375 0.03984375 0.036458333333333336
3 0.653125 0.471875 0.034375 0.027083333333333334
3 0.662109375 0.4515625 0.03046875 0.026041666666666668
3 0.79921875 0.446875 0.034375 0.029166666666666667
3 0.46875 0.45 0.0375 0.03958333333333333
3 0.321875 0.4671875 0.0375 0.030208333333333334
3 0.337109375 0.490625 0.03671875 0.0375
3 0.334375 0.5338541666666666 0.0421875 0.040625
8 0.15625 0.540625 0.0625 0.06875
