3 0.536328125 0.492371705963939 0.06953125 0.09986130374479889
3 0.662890625 0.5790568654646324 0.07734375 0.11789181692094314
3 0.647265625 0.435506241331484 0.06328125 0.08321775312066575
3 0.49921875 0.6608876560332871 0.096875 0.15672676837725383
3 0.64375 0.2919556171983356 0.0421875 0.06241331484049931
3 0.051953125 0.7364771151178918 0.08671875 0.12205270457697642
8 0.919140625 0.768377253814147 0.15234375 0.43828016643550627
8 0.8484375 0.573509015256588 0.1234375 0.33980582524271846
8 0.7421875 0.3079056865464632 0.0640625 0.12482662968099861
8 0.709375 0.2059639389736477 0.0546875 0.1317614424410541
8 0.637109375 0.20388349514563106 0.05078125 0.11927877947295423
8 0.122265625 0.29819694868238555 0.09453125 0.22191400832177532
8 0.230859375 0.22815533980582525 0.06796875 0.17614424410540916
3 0.146875 0.5104022191400832 0.0890625 0.12205270457697642
3 0.021484375 0.6054091539528432 0.04140625 0.10679611650485436
3 0.29921875 0.30374479889042993 0.046875 0.06102635228848821
3 0.33125 0.27323162274618584 0.0359375 0.038834951456310676
3 0.360546875 0.23370319001386963 0.03515625 0.04022191400832178
3 0.37890625 0.19972260748959778 0.0421875 0.05547850208044383
3 0.591015625 0.22676837725381416 0.03828125 0.04854368932038835
3 0.58046875 0.18585298196948682 0.034375 0.038834951456310676
3 0.469921875 0.180998613037448 0.03046875 0.04022191400832178
8 0.676171875 0.15811373092926492 0.01796875 0.11927877947295423
8 0.63046875 0.108876560332871 0.0375 0.059639389736477116
8 0.609765625 0.056865464632454926 0.02578125 0.06657420249653259
8 0.557421875 0.036061026352288486 0.02109375 0.049930651872399444
