3 0.655078125 0.5006257822277848 0.06484375 0.08260325406758448
3 0.30234375 0.4899874843554443 0.0640625 0.06633291614518148
3 0.37109375 0.6195244055068836 0.078125 0.08760951188986232
3 0.23828125 0.6351689612015019 0.078125 0.08635794743429287
3 0.723828125 0.4856070087609512 0.05859375 0.07509386733416772
3 0.50703125 0.45807259073842305 0.059375 0.07759699624530664
3 0.67421875 0.9167709637046307 0.13125 0.1414267834793492
3 0.39140625 0.8347934918648311 0.11875 0.16270337922403003
3 0.16875 0.386107634543179 0.05 0.04630788485607009
3 0.726953125 0.6501877346683355 0.08828125 0.10638297872340426
3 0.8859375 0.5869837296620776 0.078125 0.09011264080100125
3 0.583203125 0.4555694618272841 0.05546875 0.0625782227784731
3 0.453125 0.40863579474342926 0.0515625 0.058823529411764705
3 0.5421875 0.40988735919899877 0.0484375 0.05381727158948686
3 0.237109375 0.4142678347934919 0.04765625 0.057571964956195244
3 0.19453125 0.5087609511889862 0.06875 0.07384230287859825
3 0.059375 0.4981226533166458 0.0671875 0.03504380475594493
3 0.0640625 0.5763454317897372 0.0953125 0.12390488110137672
3 0.064453125 0.44180225281602004 0.06171875 0.05506883604505632
3 0.24375 0.35356695869837296 0.04375 0.04881101376720901
3 0.421484375 0.37296620775969963 0.03984375 0.060075093867334166
3 0.399609375 0.3397997496871089 0.03359375 0.04881101376720901
3 0.396484375 0.285982478097622 0.03515625 0.05381727158948686
3 0.494140625 0.36795994993742176 0.03984375 0.04755944931163955
3 0.475390625 0.3385481852315394 0.03046875 0.04130162703379224
3 0.512890625 0.30600750938673343 0.02734375 0.03879849812265332
6 0.59921875 0.360450563204005 0.0546875 0.10262828535669587
8 0.53828125 0.25156445556946183 0.0390625 0.0951188986232791
8 0.065625 0.3685857321652065 0.0734375 0.09637046307884856
8 0.171875 0.26282853566958697 0.046875 0.11764705882352941
