3 0.44765625 0.6166471277842908 0.0796875 0.0984759671746776
3 0.52890625 0.8352872215709262 0.1203125 0.123094958968347
3 0.65703125 0.6617819460726846 0.1140625 0.16060961313012895
3 0.5734375 0.6025791324736225 0.075 0.08440797186400938
3 0.285546875 0.5662368112543963 0.07421875 0.07502930832356389
3 0.488671875 0.4794841735052755 0.08359375 0.11019929660023446
3 0.446484375 0.4191090269636577 0.05078125 0.07151230949589683
3 0.35 0.4361078546307151 0.046875 0.05861664712778429
3 0.26875 0.4742086752637749 0.05 0.059788980070339975
3 0.2359375 0.4349355216881594 0.0390625 0.0492379835873388
3 0.043359375 0.4671746776084408 0.06171875 0.06447831184056271
3 0.959375 0.5234466588511137 0.071875 0.08323563892145369
3 0.7890625 0.5128956623681126 0.0671875 0.06916764361078546
3 0.805859375 0.4155920281359906 0.05078125 0.04806565064478312
3 0.74765625 0.3675263774912075 0.0453125 0.041031652989449004
3 0.692578125 0.4384525205158265 0.05390625 0.06096131301289566
3 0.562109375 0.3903868698710434 0.04296875 0.044548651817116064
6 0.625 0.3499413833528722 0.075 0.123094958968347
8 0.07734375 0.2661195779601407 0.075 0.07033997655334115
3 0.28828125 0.3921453692848769 0.040625 0.038686987104337635
3 0.344140625 0.38042203985932005 0.04296875 0.029308323563892145
