3 0.198828125 0.6466876971608833 0.14609375 0.15141955835962145
3 0.28125 0.5310199789695058 0.1234375 0.12197686645636173
3 0.7390625 0.8038906414300736 0.1609375 0.17981072555205047
3 0.3984375 0.7181913774973712 0.1640625 0.24185068349106204
3 0.94375 0.6125131440588854 0.109375 0.15667718191377497
3 0.346484375 0.4647739221871714 0.10390625 0.1156677181913775
3 0.737890625 0.6072555205047319 0.13046875 0.12933753943217666
3 0.470703125 0.6414300736067298 0.10859375 0.15352260778128285
3 0.0578125 0.39957939011566773 0.0890625 0.08412197686645637
3 0.70625 0.713459516298633 0.1421875 0.17770767613038907
3 0.285546875 0.2891692954784437 0.04765625 0.04416403785488959
3 0.069140625 0.3333333333333333 0.06796875 0.056782334384858045
3 0.400390625 0.41798107255520506 0.08515625 0.08307045215562565
3 0.89765625 0.4989484752891693 0.096875 0.11041009463722397
3 0.4875 0.5494216614090431 0.11875 0.14616193480546794
3 0.5921875 0.36803364879074657 0.0734375 0.08832807570977919
3 0.508203125 0.46845425867507884 0.09765625 0.0914826498422713
3 0.23515625 0.3070452155625657 0.05 0.060988433228180865
3 0.246484375 0.2544689800210305 0.03828125 0.023133543638275498
3 0.42578125 0.231335436382755 0.034375 0.031545741324921134
3 0.460546875 0.2181913774973712 0.02578125 0.024185068349106203
3 0.491796875 0.22818086225026288 0.02890625 0.02103049421661409
3 0.47265625 0.3401682439537329 0.0265625 0.0683491062039958
3 0.42109375 0.33175604626708727 0.0671875 0.026288117770767613
3 0.454296875 0.38275499474237645 0.03359375 0.08412197686645637
3 0.9546875 0.5257623554153522 0.075 0.07150368033648791
3 0.93828125 0.45846477392218715 0.053125 0.054679284963196635
3 0.858203125 0.42323869610935855 0.05859375 0.05783385909568875
3 0.890234375 0.39589905362776023 0.06171875 0.05152471083070452
3 0.865625 0.34174553101997895 0.071875 0.052576235541535225
3 0.8234375 0.3186119873817035 0.0265625 0.060988433228180865
3 0.8015625 0.314931650893796 0.015625 0.0452155625657203
3 0.7203125 0.3601472134595163 0.078125 0.03890641430073607
3 0.721484375 0.39379600420609884 0.07421875 0.030494216614090432
3 0.541796875 0.2891692954784437 0.02421875 0.050473186119873815
3 0.570703125 0.259726603575184 0.02109375 0.03995793901156677
3 0.583984375 0.2576235541535226 0.01484375 0.035751840168243953
3 0.624609375 0.31230283911671924 0.02578125 0.04206098843322818
3 0.574609375 0.305993690851735 0.05390625 0.029442691903259727
3 0.540625 0.3890641430073607 0.0765625 0.035751840168243953
3 0.55390625 0.4558359621451104 0.065625 0.08937960042060988
3 0.58671875 0.41587802313354366 0.0203125 0.09568874868559411
3 0.28828125 0.2586750788643533 0.0359375 0.02103049421661409
3 0.64921875 0.2723449001051525 0.01875 0.052576235541535225
3 0.61640625 0.259726603575184 0.040625 0.031545741324921134
3 0.615234375 0.286540483701367 0.04296875 0.013669821240799159
8 0.78359375 0.21240799158780233 0.0484375 0.07991587802313355
8 0.725390625 0.29915878023133546 0.07734375 0.12302839116719243
8 0.658984375 0.21345951629863302 0.03203125 0.058885383806519455
8 0.496875 0.2912723449001052 0.0578125 0.10094637223974763
8 0.874609375 0.29863301787592006 0.06640625 0.09253417455310199
3 0.819140625 0.2323869610935857 0.02421875 0.029442691903259727
3 0.78203125 0.2676130389064143 0.0203125 0.03470031545741325
3 0.71484375 0.21188222923238695 0.0390625 0.03470031545741325
3 0.5421875 0.24132492113564669 0.0453125 0.04100946372239748
3 0.7375 0.5026288117770767 0.1359375 0.14931650893796003
