3 0.200390625 0.483397190293742 0.06171875 0.07790549169859515
3 0.38125 0.4335887611749681 0.0515625 0.08301404853128991
3 0.14140625 0.3186462324393359 0.04375 0.06002554278416347
3 0.86484375 0.5689655172413793 0.0890625 0.09067688378033206
3 0.4453125 0.3492975734355045 0.0421875 0.07535121328224777
3 0.240234375 0.38058748403575987 0.03828125 0.05363984674329502
3 0.726171875 0.36909323116219667 0.05859375 0.06641123882503193
3 0.8359375 0.3710089399744572 0.053125 0.06257982120051085
3 0.734375 0.2943805874840358 0.0359375 0.04469987228607918
3 0.643359375 0.2598978288633461 0.02890625 0.034482758620689655
3 0.6375 0.3001277139208174 0.0421875 0.04597701149425287
3 0.70390625 0.22796934865900384 0.021875 0.02937420178799489
3 0.594140625 0.1743295019157088 0.01484375 0.016602809706257982
3 0.608984375 0.1883780332056194 0.02265625 0.024265644955300127
3 0.584375 0.2120051085568327 0.021875 0.022988505747126436
3 0.52265625 0.18901660280970625 0.021875 0.0280970625798212
3 0.508203125 0.1698595146871009 0.01640625 0.022988505747126436
3 0.4 0.1781609195402299 0.01875 0.024265644955300127
3 0.326171875 0.1602809706257982 0.01953125 0.021711366538952746
3 0.36953125 0.2222222222222222 0.0234375 0.033205619412515965
3 0.286328125 0.19923371647509577 0.02734375 0.035759897828863345
3 0.2484375 0.24201787994891444 0.0265625 0.034482758620689655
3 0.27734375 0.27522349936143037 0.03125 0.04725415070242656
3 0.219140625 0.16283524904214558 0.02109375 0.02681992337164751
8 0.686328125 0.2828863346104725 0.04453125 0.06768837803320563
8 0.56328125 0.16794380587484037 0.0265625 0.0421455938697318
