3 0.340234375 0.6891891891891891 0.08671875 0.07403055229142186
3 0.527734375 0.5893066980023501 0.07109375 0.06462984723854288
3 0.408203125 0.5511163337250293 0.06796875 0.0799059929494712
3 0.800390625 0.6703877790834313 0.07578125 0.06933019976498238
3 0.63125 0.5223266745005876 0.0578125 0.0481786133960047
3 0.647265625 0.717978848413631 0.08984375 0.11045828437132785
6 0.473828125 0.7967097532314924 0.18671875 0.3807285546415981
8 0.1953125 0.31492361927144535 0.05 0.07755581668625147
8 0.14375 0.2144535840188014 0.021875 0.041128084606345476
3 0.15546875 0.463572267920094 0.05 0.06227967097532315
3 0.033984375 0.4888366627497062 0.05859375 0.06580493537015276
3 0.2140625 0.3983548766157462 0.040625 0.04230317273795535
3 0.17421875 0.37485311398354876 0.0359375 0.03525264394829612
3 0.50859375 0.4294947121034078 0.05 0.043478260869565216
3 0.56484375 0.3889541715628672 0.0390625 0.03055229142185664
