3 0.658984375 0.6891891891891891 0.08671875 0.07873090481786134
3 0.20078125 0.6686251468860165 0.0765625 0.07050528789659224
3 0.5890625 0.5517038777908343 0.0703125 0.08108108108108109
3 0.846484375 0.46768507638072854 0.05390625 0.07285546415981199
3 0.47265625 0.5893066980023501 0.071875 0.06462984723854288
3 0.48984375 0.4283196239717979 0.0484375 0.036427732079905996
8 0.80703125 0.3196239717978848 0.0484375 0.10105757931844889
6 0.521484375 0.7855464159811986 0.18828125 0.3254994124559342
3 0.352734375 0.7297297297297297 0.10546875 0.13160987074030553
3 0.3703125 0.5299647473560517 0.0609375 0.06345475910693302
3 0.432421875 0.3954171562867215 0.04296875 0.041128084606345476
3 0.96328125 0.491186839012926 0.0609375 0.0799059929494712
3 0.785546875 0.4007050528789659 0.03984375 0.0399529964747356
3 0.75 0.3290246768507638 0.028125 0.03290246768507638
