3 0.28359375 0.7611111111111111 0.115625 0.1527777777777778
3 0.35703125 0.7298611111111111 0.065625 0.09027777777777778
3 0.494921875 0.7493055555555556 0.08984375 0.12638888888888888
3 0.403125 0.7263888888888889 0.04375 0.075
8 0.890625 0.7090277777777778 0.159375 0.20416666666666666
8 0.733203125 0.6993055555555555 0.08046875 0.11527777777777778
3 0.5921875 0.6979166666666666 0.0453125 0.07916666666666666
3 0.64453125 0.7305555555555555 0.0890625 0.13055555555555556
3 0.187109375 0.7263888888888889 0.09296875 0.14444444444444443
3 0.06875 0.7479166666666667 0.1328125 0.22083333333333333
3 0.559765625 0.6993055555555555 0.02890625 0.04861111111111111
