3 0.387890625 0.8304130162703379 0.16171875 0.18648310387984982
3 0.576953125 0.7096370463078848 0.14453125 0.18523153942428036
3 0.400390625 0.5081351689612015 0.11171875 0.14518147684605756
3 0.756640625 0.685857321652065 0.14453125 0.1802252816020025
3 0.207421875 0.5237797246558198 0.10078125 0.10638297872340426
3 0.052734375 0.6076345431789737 0.10078125 0.12640801001251564
3 0.6046875 0.21151439299123906 0.0578125 0.07259073842302878
3 0.87734375 0.26783479349186484 0.0671875 0.07759699624530664
3 0.525 0.4599499374217772 0.096875 0.11389236545682102
3 0.291015625 0.32290362953692114 0.07734375 0.0851063829787234
3 0.3875 0.28660826032540676 0.078125 0.08760951188986232
3 0.228125 0.9180225281602002 0.203125 0.16145181476846057
3 0.74765625 0.2490613266583229 0.065625 0.07759699624530664
3 0.704296875 0.20275344180225283 0.05234375 0.06758448060075094
3 0.153125 0.4261576971214018 0.0875 0.10137672090112641
3 0.908203125 0.22090112640801002 0.05390625 0.07133917396745933
3 0.014453125 0.20400500625782228 0.02890625 0.07008760951188986
3 0.56875 0.14518147684605756 0.0484375 0.060075093867334166
3 0.121484375 0.24342928660826033 0.07890625 0.13892365456821026
3 0.59140625 0.058823529411764705 0.0359375 0.04505632040050062
3 0.30234375 0.08135168961201501 0.0484375 0.04505632040050062
3 0.26640625 0.10826032540675845 0.0375 0.03128911138923655
3 0.225 0.08197747183979975 0.0328125 0.03629536921151439
3 0.19296875 0.1032540675844806 0.0375 0.058823529411764705
8 0.144140625 0.13704630788485608 0.06328125 0.13141426783479349
8 0.24921875 0.19712140175219023 0.0921875 0.13892365456821026
8 0.34921875 0.15519399249061328 0.0609375 0.10513141426783479
8 0.63671875 0.06946182728410513 0.04375 0.08635794743429287
8 0.69765625 0.12640801001251564 0.0515625 0.07509386733416772
8 0.769921875 0.1357947434292866 0.10390625 0.17647058823529413
8 0.86640625 0.13829787234042554 0.0828125 0.13141426783479349
