3 0.676171875 0.5936768149882904 0.30078125 0.36768149882903983
3 0.358984375 0.46252927400468385 0.12265625 0.13817330210772832
3 0.93125 0.5491803278688525 0.1328125 0.23185011709601874
3 0.804296875 0.4918032786885246 0.10703125 0.18266978922716628
3 0.425 0.4262295081967213 0.065625 0.09133489461358314
3 0.208203125 0.40339578454332553 0.03515625 0.03629976580796253
3 0.290234375 0.40105386416861827 0.04609375 0.05503512880562061
3 0.464453125 0.4238875878220141 0.01953125 0.03981264637002342
3 0.476953125 0.4127634660421546 0.01796875 0.040983606557377046
3 0.558984375 0.4420374707259953 0.12109375 0.1557377049180328
3 0.9421875 0.4314988290398126 0.096875 0.08313817330210772
3 0.11875 0.5023419203747073 0.225 0.39344262295081966
