6 0.58203125 0.42660550458715596 0.1015625 0.20795107033639143
3 0.151171875 0.5259938837920489 0.14921875 0.22629969418960244
3 0.88515625 0.536697247706422 0.1265625 0.16819571865443425
3 0.46015625 0.514525993883792 0.1171875 0.154434250764526
3 0.974609375 0.5206422018348624 0.04921875 0.10244648318042814
3 0.759765625 0.4984709480122324 0.10390625 0.1651376146788991
3 0.98125 0.7454128440366973 0.03125 0.3470948012232416
3 0.362109375 0.45795107033639143 0.04609375 0.08409785932721713
3 0.31796875 0.4541284403669725 0.034375 0.06116207951070336
3 0.669921875 0.4740061162079511 0.05390625 0.10397553516819572
4 0.252734375 0.48547400611620795 0.02734375 0.053516819571865444
1 0.25546875 0.4503058103975535 0.0203125 0.05963302752293578
