3 0.386328125 0.7833333333333333 0.11953125 0.14166666666666666
3 0.498828125 0.6409722222222223 0.03203125 0.043055555555555555
3 0.56875 0.6458333333333334 0.0296875 0.041666666666666664
3 0.95234375 0.6895833333333333 0.059375 0.0763888888888889
3 0.8765625 0.675 0.053125 0.06111111111111111
3 0.807421875 0.6604166666666667 0.04453125 0.05694444444444444
3 0.70390625 0.6333333333333333 0.0421875 0.05555555555555555
3 0.63671875 0.6243055555555556 0.03125 0.04027777777777778
3 0.766796875 0.6361111111111111 0.03359375 0.03611111111111111
8 0.4234375 0.6388888888888888 0.05625 0.1
