3 0.6609375 0.9242424242424242 0.1046875 0.1067193675889328
3 0.41875 0.6765480895915679 0.0625 0.06982872200263504
3 0.70390625 0.7055335968379447 0.0703125 0.08827404479578392
3 0.646875 0.5764163372859025 0.0546875 0.07246376811594203
3 0.308203125 0.6923583662714098 0.06484375 0.07509881422924901
3 0.703125 0.5678524374176548 0.046875 0.06587615283267458
3 0.52578125 0.5401844532279315 0.0484375 0.06851119894598155
3 0.4328125 0.8636363636363636 0.0921875 0.13306982872200263
3 0.360546875 0.5678524374176548 0.05234375 0.057971014492753624
3 0.8328125 0.650197628458498 0.0609375 0.077733860342556
3 0.58828125 0.5395256916996047 0.04375 0.05665349143610013
3 0.2515625 0.4841897233201581 0.040625 0.05138339920948617
3 0.169921875 0.6462450592885376 0.08203125 0.11989459815546773
3 0.273046875 0.5862977602108037 0.06015625 0.057971014492753624
3 0.1640625 0.5638998682476943 0.05 0.03162055335968379
3 0.315234375 0.4552042160737813 0.03984375 0.048748353096179184
3 0.310546875 0.5019762845849802 0.04296875 0.04743083003952569
3 0.5546875 0.49341238471673254 0.0375 0.0461133069828722
3 0.4828125 0.5006587615283268 0.0390625 0.05006587615283267
3 0.45625 0.47035573122529645 0.0328125 0.04743083003952569
3 0.5140625 0.4670619235836627 0.0390625 0.0461133069828722
3 0.437109375 0.39723320158102765 0.03359375 0.05401844532279315
8 0.168359375 0.48023715415019763 0.06171875 0.12779973649538867
8 0.601953125 0.4538866930171278 0.05390625 0.10408432147562582
