3 0.2546875 0.7438452520515827 0.3890625 0.34114888628370454
3 0.534765625 0.43024618991793667 0.16796875 0.16647127784290738
3 0.573046875 0.3182883939038687 0.13046875 0.08558030480656506
3 0.725390625 0.2661195779601407 0.10390625 0.07268464243845252
3 0.594921875 0.21512309495896834 0.07109375 0.05509964830011723
3 0.538671875 0.24267291910902697 0.07578125 0.0492379835873388
3 0.583203125 0.14302461899179367 0.04765625 0.03751465416178194
3 0.959375 0.15885111371629543 0.04375 0.05275498241500586
3 0.919921875 0.14536928487690504 0.03515625 0.0492379835873388
3 0.9171875 0.6629542790152403 0.1578125 0.5451348182883939
8 0.830078125 0.08909730363423213 0.03515625 0.07737397420867527
