3 0.517578125 0.8588992974238876 0.12890625 0.16276346604215455
3 0.508984375 0.7137002341920374 0.09453125 0.1323185011709602
3 0.102734375 0.4566744730679157 0.04765625 0.0585480093676815
3 0.516015625 0.547423887587822 0.06640625 0.059718969555035126
8 0.821875 0.7464871194379391 0.2296875 0.5046838407494145
3 0.123828125 0.5199063231850117 0.06484375 0.06323185011709602
3 0.481640625 0.4970725995316159 0.05859375 0.06440281030444965
3 0.509765625 0.6135831381733021 0.07421875 0.09601873536299765
8 0.578515625 0.41217798594847777 0.07421875 0.17096018735362997
8 0.219921875 0.3185011709601874 0.04453125 0.0936768149882904
8 0.26015625 0.3085480093676815 0.028125 0.09484777517564402
8 0.1484375 0.38466042154566743 0.06875 0.11826697892271663
8 0.462890625 0.22892271662763466 0.02734375 0.05503512880562061
3 0.48671875 0.41100702576112413 0.0546875 0.06791569086651054
3 0.24609375 0.3864168618266979 0.0421875 0.0585480093676815
3 0.44296875 0.27107728337236536 0.0203125 0.03629976580796253
3 0.465234375 0.3202576112412178 0.02578125 0.03395784543325527
3 0.48515625 0.26639344262295084 0.021875 0.02927400468384075
3 0.537890625 0.3752927400468384 0.01484375 0.05503512880562061
