3 0.409375 0.723915592028136 0.1140625 0.11371629542790153
3 0.480078125 0.5093786635404455 0.08046875 0.08323563892145369
3 0.90703125 0.8868698710433763 0.146875 0.15123094958968347
3 0.43359375 0.36107854630715125 0.05625 0.06799531066822978
3 0.65234375 0.48007033997655335 0.071875 0.0738569753810082
3 0.821484375 0.5281359906213364 0.09140625 0.10433763188745604
3 0.64140625 0.5949589683470106 0.0859375 0.07620164126611957
3 0.537109375 0.3909730363423212 0.06796875 0.07620164126611957
3 0.66171875 0.38159437280187575 0.0671875 0.05509964830011723
3 0.7890625 0.4114888628370457 0.071875 0.06096131301289566
3 0.591796875 0.2989449003516999 0.04609375 0.053927315357561546
3 0.676171875 0.3159437280187573 0.04609375 0.04572098475967175
3 0.777734375 0.33821805392731535 0.05546875 0.04806565064478312
3 0.79765625 0.28604923798358733 0.0515625 0.044548651817116064
3 0.712890625 0.2784290738569754 0.04140625 0.04806565064478312
3 0.698046875 0.305978898007034 0.04296875 0.04689331770222743
3 0.587890625 0.23270808909730364 0.03515625 0.041031652989449004
3 0.974609375 0.2825322391559203 0.04453125 0.05861664712778429
3 0.972265625 0.19929660023446658 0.04453125 0.04689331770222743
8 0.138671875 0.6928487690504103 0.26328125 0.492379835873388
8 0.6171875 0.1910902696365768 0.0390625 0.06330597889800703
