3 0.378125 0.6956224350205198 0.2390625 0.35157318741450067
3 0.715625 0.658686730506156 0.1359375 0.17920656634746923
3 0.7875 0.606703146374829 0.05625 0.06976744186046512
3 0.6265625 0.6272229822161423 0.075 0.09986320109439124
3 0.582421875 0.6169630642954856 0.04296875 0.060191518467852256
3 0.531640625 0.6094391244870041 0.05390625 0.0560875512995896
3 0.011328125 0.6053351573187414 0.02109375 0.0560875512995896
3 0.11171875 0.554719562243502 0.028125 0.04514363885088919
8 0.19453125 0.45554035567715456 0.021875 0.06292749658002736
8 0.0203125 0.5369357045143639 0.0390625 0.08618331053351573
