3 0.9 0.2551390568319226 0.065625 0.07496977025392987
3 0.5828125 0.7787182587666264 0.1546875 0.11124546553808948
3 0.291015625 0.3385731559854897 0.05078125 0.08464328899637243
3 0.73828125 0.27448609431680776 0.0515625 0.06287787182587666
3 0.200390625 0.347037484885127 0.06171875 0.07980652962515115
3 0.95234375 0.3978234582829504 0.059375 0.06287787182587666
3 0.08515625 0.40507859733978235 0.065625 0.09915356711003627
3 0.380859375 0.35489721886336156 0.06484375 0.09310761789600967
3 0.773828125 0.6070133010882709 0.08671875 0.09915356711003627
3 0.830859375 0.5217654171704957 0.07578125 0.08585247883917775
3 0.670703125 0.3210399032648126 0.05546875 0.05199516324062878
3 0.630859375 0.2762998790810157 0.04921875 0.06166868198307134
3 0.680859375 0.24486094316807738 0.05078125 0.0471584038694075
3 0.72265625 0.22914147521160821 0.0359375 0.03506650544135429
3 0.466796875 0.24365175332527206 0.03828125 0.03990326481257558
3 0.208203125 0.6064087061668681 0.09140625 0.11003627569528417
3 0.451953125 0.46130592503022977 0.07578125 0.11729141475211609
3 0.124609375 0.30773881499395406 0.04609375 0.05441354292623942
3 0.2296875 0.27750906892382105 0.0484375 0.04232164449818621
3 0.08125 0.27690447400241835 0.046875 0.03869407496977025
3 0.0265625 0.4939540507859734 0.0484375 0.10761789600967352
3 0.233203125 0.5042321644498187 0.06640625 0.06529625151148731
