3 0.89453125 0.7429742388758782 0.0890625 0.09953161592505855
3 0.676171875 0.5907494145199064 0.05390625 0.059718969555035126
3 0.498046875 0.7096018735362998 0.07109375 0.07728337236533958
3 0.8171875 0.9115925058548009 0.121875 0.15339578454332553
3 0.91640625 0.6902810304449649 0.071875 0.08313817330210772
3 0.58828125 0.5046838407494145 0.04375 0.0585480093676815
3 0.403125 0.7295081967213115 0.078125 0.08665105386416862
3 0.764453125 0.5872365339578455 0.05390625 0.06440281030444965
3 0.94609375 0.6440281030444965 0.0578125 0.06557377049180328
3 0.944140625 0.59192037470726 0.05390625 0.04800936768149883
3 0.4453125 0.5076112412177985 0.0328125 0.03864168618266979
3 0.334375 0.5966042154566745 0.046875 0.06440281030444965
3 0.38046875 0.4812646370023419 0.0359375 0.03278688524590164
3 0.54609375 0.4484777517564403 0.025 0.0351288056206089
3 0.590625 0.44379391100702575 0.025 0.03044496487119438
3 0.675 0.5128805620608899 0.0484375 0.0702576112412178
8 0.748828125 0.3618266978922717 0.01796875 0.03278688524590164
8 0.701171875 0.4607728337236534 0.04453125 0.08313817330210772
8 0.660546875 0.446135831381733 0.03046875 0.0702576112412178
8 0.6109375 0.3840749414519906 0.0234375 0.0468384074941452
8 0.258984375 0.6545667447306791 0.09765625 0.2107728337236534
8 0.24375 0.4894613583138173 0.0578125 0.117096018735363
8 0.2859375 0.4613583138173302 0.0328125 0.06557377049180328
