3 0.544921875 0.9444444444444444 0.09765625 0.10833333333333334
3 0.18125 0.9284722222222223 0.0953125 0.14027777777777778
3 0.624609375 0.7916666666666666 0.05078125 0.075
3 0.590625 0.8833333333333333 0.0609375 0.08888888888888889
3 0.826953125 0.8847222222222222 0.06796875 0.08611111111111111
3 0.35 0.9284722222222223 0.08125 0.12083333333333333
3 0.234765625 0.8722222222222222 0.05390625 0.07777777777777778
3 0.50703125 0.8777777777777778 0.0796875 0.10833333333333334
3 0.546484375 0.7875 0.06484375 0.06666666666666667
3 0.5828125 0.6583333333333333 0.0421875 0.05277777777777778
3 0.886328125 0.6555555555555556 0.03671875 0.044444444444444446
3 0.714453125 0.5986111111111111 0.03359375 0.05277777777777778
3 0.540234375 0.6083333333333333 0.02734375 0.03333333333333333
3 0.476953125 0.6729166666666667 0.04140625 0.034722222222222224
3 0.49921875 0.7145833333333333 0.04375 0.04583333333333333
3 0.469921875 0.6986111111111111 0.01171875 0.044444444444444446
3 0.49921875 0.7666666666666667 0.028125 0.05277777777777778
3 0.44921875 0.8069444444444445 0.0484375 0.06388888888888888
3 0.417578125 0.7701388888888889 0.04296875 0.059722222222222225
3 0.432421875 0.7201388888888889 0.03828125 0.04583333333333333
3 0.4015625 0.7055555555555556 0.021875 0.03888888888888889
3 0.358984375 0.8402777777777778 0.05390625 0.06666666666666667
3 0.34140625 0.79375 0.046875 0.029166666666666667
3 0.245703125 0.8222222222222222 0.03984375 0.044444444444444446
3 0.76796875 0.5881944444444445 0.028125 0.0375
3 0.9859375 0.7041666666666667 0.0203125 0.05
3 0.95859375 0.6645833333333333 0.03125 0.02361111111111111
3 0.95703125 0.7020833333333333 0.0328125 0.04027777777777778
3 0.34140625 0.7527777777777778 0.0421875 0.05
3 0.313671875 0.7159722222222222 0.03828125 0.04583333333333333
3 0.3484375 0.7034722222222223 0.034375 0.04583333333333333
3 0.283203125 0.6784722222222223 0.03671875 0.04861111111111111
3 0.341796875 0.6569444444444444 0.03515625 0.044444444444444446
3 0.390234375 0.6284722222222222 0.03203125 0.0375
3 0.394140625 0.5923611111111111 0.02734375 0.029166666666666667
3 0.353515625 0.6131944444444445 0.03046875 0.04027777777777778
3 0.43671875 0.5888888888888889 0.028125 0.030555555555555555
