3 0.053125 0.792814371257485 0.10625 0.11497005988023952
3 0.3578125 0.7634730538922155 0.0734375 0.09700598802395209
3 0.95078125 0.8269461077844311 0.0921875 0.274251497005988
3 0.90234375 0.7982035928143713 0.04375 0.08023952095808383
3 0.30390625 0.7287425149700599 0.0453125 0.05389221556886228
3 0.53828125 0.6203592814371257 0.0203125 0.026347305389221556
3 0.544921875 0.6508982035928144 0.01953125 0.027544910179640718
3 0.57890625 0.6550898203592814 0.025 0.02874251497005988
3 0.525 0.6646706586826348 0.0234375 0.033532934131736525
3 0.5015625 0.6473053892215569 0.021875 0.025149700598802394
3 0.48359375 0.6592814371257485 0.021875 0.02035928143712575
3 0.461328125 0.677245508982036 0.02890625 0.027544910179640718
3 0.61484375 0.7107784431137725 0.034375 0.027544910179640718
3 0.591015625 0.7514970059880239 0.04921875 0.041916167664670656
3 0.6875 0.795808383233533 0.1109375 0.15209580838323353
3 0.744140625 0.725748502994012 0.03359375 0.04311377245508982
3 0.716015625 0.6754491017964072 0.02265625 0.02155688622754491
3 0.716015625 0.7113772455089821 0.02890625 0.033532934131736525
8 0.675390625 0.6868263473053893 0.05078125 0.06826347305389222
8 0.715625 0.6245508982035928 0.028125 0.05389221556886228
8 0.088671875 0.7305389221556886 0.14609375 0.162874251497006
