3 0.4296875 0.6115702479338843 0.109375 0.14403778040141677
3 0.357421875 0.9167650531286895 0.16953125 0.1641086186540732
3 0.139453125 0.44569067296340026 0.07578125 0.09799291617473435
3 0.420703125 0.49409681227863045 0.08359375 0.12396694214876033
3 0.273828125 0.4498229043683589 0.09296875 0.13695395513577333
3 0.428125 0.41912632821723733 0.06875 0.09445100354191263
3 0.16328125 0.6393152302243211 0.1125 0.1617473435655254
3 0.01875 0.5962219598583235 0.0328125 0.14167650531286896
3 0.262890625 0.3270365997638725 0.05390625 0.05194805194805195
3 0.33828125 0.43388429752066116 0.0515625 0.08618654073199528
3 0.357421875 0.32408500590318773 0.04609375 0.05076741440377804
3 0.394921875 0.2768595041322314 0.03984375 0.03896103896103896
3 0.35078125 0.269185360094451 0.0328125 0.03541912632821724
3 0.448046875 0.3317591499409681 0.04921875 0.023612750885478158
3 0.464453125 0.36481700118063753 0.05390625 0.047225501770956316
3 0.476171875 0.3140495867768595 0.03828125 0.049586776859504134
