3 0.41640625 0.6927554980595084 0.059375 0.06597671410090557
3 0.649609375 0.9269081500646831 0.09609375 0.09961190168175937
3 0.31328125 0.7082794307891332 0.0609375 0.07115135834411385
3 0.81328125 0.6694695989650712 0.059375 0.07115135834411385
3 0.63515625 0.5983182406209573 0.053125 0.06597671410090557
3 0.689453125 0.7179818887451488 0.06796875 0.08279430789133248
3 0.361328125 0.591849935316947 0.04921875 0.055627425614489
3 0.43125 0.869340232858991 0.0890625 0.129366106080207
3 0.520703125 0.5653298835705045 0.04609375 0.062095730918499355
3 0.68828125 0.5892626131953428 0.0453125 0.05821474773609314
3 0.577734375 0.5653298835705045 0.04296875 0.0517464424320828
3 0.180859375 0.6597671410090556 0.06640625 0.10090556274256145
3 0.1765625 0.592496765847348 0.046875 0.028460543337645538
3 0.27890625 0.611254851228978 0.05625 0.055627425614489
3 0.258984375 0.5097024579560155 0.03984375 0.03622250970245795
3 0.31171875 0.5297542043984476 0.0390625 0.040103492884864166
3 0.316796875 0.481888745148771 0.03515625 0.045278137128072445
3 0.284375 0.4372574385510996 0.028125 0.03363518758085381
3 0.34921875 0.425614489003881 0.0265625 0.031047865459249677
3 0.440234375 0.47283311772315656 0.02734375 0.037516170763260026
3 0.45625 0.4948253557567917 0.0328125 0.040103492884864166
3 0.476953125 0.5239327296248383 0.03515625 0.03880983182406209
3 0.508203125 0.49159120310478654 0.03203125 0.03622250970245795
3 0.54609375 0.5278137128072445 0.0328125 0.03880983182406209
3 0.49609375 0.4689521345407503 0.0265625 0.029754204398447608
3 0.527734375 0.44566623544631306 0.02421875 0.03492884864165589
3 0.482421875 0.44954721862871927 0.02421875 0.03234152652005175
8 0.591796875 0.48641655886157825 0.04921875 0.09314359637774904
8 0.54453125 0.4016817593790427 0.03125 0.07373868046571798
8 0.4359375 0.43402328589909445 0.028125 0.055627425614489
8 0.179296875 0.5122897800776197 0.05234375 0.12160413971539456
8 0.261328125 0.4055627425614489 0.03828125 0.07632600258732213
