3 0.591015625 0.6019354838709677 0.27421875 0.44
3 0.81328125 0.6580645161290323 0.371875 0.6529032258064517
3 0.416015625 0.555483870967742 0.23828125 0.3961290322580645
3 0.283203125 0.5051612903225806 0.09765625 0.18451612903225806
3 0.13828125 0.6393548387096775 0.190625 0.5638709677419355
3 0.20859375 0.4296774193548387 0.0265625 0.10580645161290322
3 0.087890625 0.6735483870967742 0.16796875 0.632258064516129
3 0.189453125 0.31870967741935485 0.06484375 0.06193548387096774
3 0.32734375 0.3361290322580645 0.0453125 0.04774193548387097
3 0.352734375 0.3632258064516129 0.04765625 0.06838709677419355
3 0.2859375 0.34258064516129033 0.0359375 0.06322580645161291
3 0.25 0.31225806451612903 0.0234375 0.05161290322580645
3 0.419140625 0.3058064516129032 0.06484375 0.05935483870967742
