8 0.458984375 0.8272251308900523 0.19453125 0.3183246073298429
3 0.893359375 0.5235602094240838 0.06171875 0.060732984293193716
8 0.328125 0.6958115183246073 0.18125 0.31308900523560207
3 0.724609375 0.8251308900523561 0.06015625 0.14031413612565444
3 0.78359375 0.8471204188481676 0.0578125 0.1549738219895288
3 0.84296875 0.8638743455497382 0.0578125 0.15706806282722513
3 0.93359375 0.8717277486910995 0.1203125 0.12670157068062826
3 0.703515625 0.4570680628272251 0.06171875 0.061780104712041886
3 0.35390625 0.3842931937172775 0.0359375 0.05235602094240838
3 0.165234375 0.41413612565445024 0.04609375 0.040837696335078534
3 0.137109375 0.3931937172774869 0.02734375 0.03664921465968586
3 0.173046875 0.4952879581151832 0.05859375 0.05445026178010471
3 0.73046875 0.4167539267015707 0.05625 0.0774869109947644
8 0.961328125 0.5162303664921466 0.06953125 0.13612565445026178
8 0.7265625 0.33717277486910996 0.059375 0.05445026178010471
8 0.5765625 0.31675392670157065 0.078125 0.08900523560209424
8 0.49609375 0.3308900523560209 0.0875 0.08795811518324607
8 0.39296875 0.33979057591623035 0.065625 0.09528795811518324
8 0.332421875 0.34973821989528797 0.03984375 0.0774869109947644
8 0.247265625 0.46335078534031415 0.08984375 0.187434554973822
8 0.09453125 0.38010471204188484 0.0828125 0.13403141361256546
8 0.028125 0.42408376963350786 0.046875 0.17382198952879582
8 0.224609375 0.3089005235602094 0.08515625 0.08795811518324607
8 0.187890625 0.374869109947644 0.05078125 0.0712041884816754
8 0.30234375 0.4178010471204188 0.034375 0.18219895287958116
