3 0.465234375 0.8742655699177438 0.20234375 0.24676850763807284
3 0.90546875 0.28495887191539365 0.0828125 0.09283196239717979
3 0.630859375 0.2591069330199765 0.07109375 0.08108108108108109
3 0.662109375 0.4688601645123384 0.10234375 0.10340775558166862
3 0.50078125 0.5170387779083431 0.09375 0.1128084606345476
3 0.375390625 0.7027027027027027 0.14296875 0.13160987074030553
3 0.70859375 0.6233842538190364 0.109375 0.11398354876615746
3 0.447265625 0.400117508813161 0.08828125 0.06462984723854288
3 0.36953125 0.3572267920094007 0.0796875 0.07520564042303172
3 0.719140625 0.5540540540540541 0.10234375 0.09048178613396005
3 0.65703125 0.23207990599294948 0.0671875 0.07873090481786134
3 0.8078125 0.2596944770857814 0.084375 0.0963572267920094
3 0.285546875 0.490599294947121 0.09765625 0.12338425381903642
3 0.14921875 0.2596944770857814 0.075 0.07520564042303172
3 0.065625 0.15511163337250294 0.059375 0.06580493537015276
3 0.0296875 0.26380728554641597 0.0578125 0.09283196239717979
3 0.316796875 0.1792009400705053 0.06328125 0.06462984723854288
3 0.49296875 0.22972972972972974 0.05 0.07873090481786134
3 0.52421875 0.19153936545240893 0.05 0.05405405405405406
