3 0.13125 0.5283870967741936 0.2046875 0.23096774193548386
3 0.359375 0.48516129032258065 0.1484375 0.1367741935483871
3 0.4875 0.4729032258064516 0.0796875 0.08645161290322581
3 0.635546875 0.4612903225806452 0.07109375 0.07096774193548387
3 0.7140625 0.4664516129032258 0.0671875 0.05548387096774193
3 0.884375 0.4870967741935484 0.21875 0.6774193548387096
3 0.03984375 0.43483870967741933 0.0765625 0.1625806451612903
8 0.448828125 0.4038709677419355 0.07265625 0.15483870967741936
8 0.31796875 0.35096774193548386 0.1859375 0.2296774193548387
8 0.5546875 0.43870967741935485 0.0734375 0.15483870967741936
