3 0.8960987261146497 0.7219140083217753 0.08996815286624203 0.11234396671289876
3 0.6875 0.5922330097087378 0.06926751592356688 0.09153952843273232
3 0.6843152866242038 0.45561719833564496 0.058121019108280256 0.07628294036061026
3 0.24363057324840764 0.8307905686546463 0.08917197452229299 0.10263522884882108
3 0.40246815286624205 0.5762829403606102 0.06289808917197452 0.07073509015256588
3 0.8005573248407644 0.5423023578363384 0.07245222929936306 0.10818307905686546
3 0.7460191082802548 0.7080443828016644 0.09554140127388536 0.1650485436893204
3 0.7543789808917197 0.33356449375866853 0.04378980891719745 0.07073509015256588
3 0.26671974522292996 0.5665742024965326 0.06210191082802548 0.08460471567267684
3 0.6827229299363057 0.3287101248266297 0.04378980891719745 0.0638002773925104
8 0.4247611464968153 0.3155339805825243 0.07085987261146497 0.14840499306518723
8 0.20461783439490447 0.42302357836338417 0.11305732484076433 0.22191400832177532
8 0.8690286624203821 0.33356449375866853 0.07245222929936306 0.15950069348127602
8 0.384156050955414 0.11234396671289876 0.04378980891719745 0.047156726768377254
3 0.09792993630573249 0.6414701803051318 0.0875796178343949 0.14285714285714285
3 0.3335987261146497 0.3522884882108183 0.042993630573248405 0.052704576976421634
3 0.3698248407643312 0.32662968099861306 0.03423566878980892 0.04576976421636616
3 0.48487261146496813 0.3377253814147018 0.04777070063694268 0.05131761442441054
3 0.4052547770700637 0.20388349514563106 0.030254777070063694 0.027739251040221916
3 0.3471337579617834 0.17406380027739252 0.027070063694267517 0.02912621359223301
3 0.3140923566878981 0.18307905686546463 0.03105095541401274 0.030513176144244106
3 0.4478503184713376 0.15464632454923716 0.024681528662420384 0.0319001386962552
3 0.4880573248407643 0.1539528432732316 0.030254777070063694 0.04160887656033287
3 0.4267515923566879 0.13661581137309292 0.022292993630573247 0.0319001386962552
3 0.3355891719745223 0.12135922330097088 0.024681528662420384 0.026352288488210817
3 0.5258757961783439 0.1435506241331484 0.026273885350318472 0.03744798890429958
3 0.5684713375796179 0.1553398058252427 0.027070063694267517 0.04160887656033287
3 0.6206210191082803 0.20110957004160887 0.02945859872611465 0.047156726768377254
3 0.5907643312101911 0.1914008321775312 0.01910828025477707 0.033287101248266296
3 0.6667993630573248 0.1955617198335645 0.026273885350318472 0.038834951456310676
3 0.7782643312101911 0.2510402219140083 0.035828025477707005 0.05547850208044383
3 0.7046178343949044 0.2524271844660194 0.03821656050955414 0.04160887656033287
3 0.7109872611464968 0.21497919556171982 0.03343949044585987 0.038834951456310676
3 0.6799363057324841 0.1754507628294036 0.03184713375796178 0.03744798890429958
