3 0.5765625 0.5007898894154819 0.1828125 0.3222748815165877
3 0.377734375 0.4052132701421801 0.13984375 0.25118483412322273
3 0.85234375 0.7448657187993681 0.2859375 0.4755134281200632
3 0.31640625 0.7575039494470774 0.3984375 0.4660347551342812
3 0.061328125 0.6263823064770933 0.11171875 0.36492890995260663
3 0.269921875 0.1966824644549763 0.04140625 0.05529225908372828
3 0.33984375 0.2037914691943128 0.0359375 0.05687203791469194
3 0.679296875 0.37203791469194314 0.10703125 0.22274881516587677
3 0.557421875 0.2812006319115324 0.06015625 0.10426540284360189
3 0.48984375 0.32385466034755134 0.08125 0.1263823064770932
3 0.937890625 0.4352290679304897 0.11953125 0.20063191153238547
3 0.795703125 0.25434439178515006 0.05078125 0.12006319115323855
3 0.755859375 0.24486571879936808 0.03359375 0.07898894154818326
8 0.8875 0.2156398104265403 0.1609375 0.3712480252764613
3 0.624609375 0.22511848341232227 0.04453125 0.08056872037914692
3 0.578515625 0.21642969984202212 0.03671875 0.07898894154818326
3 0.4796875 0.20695102685624012 0.040625 0.04739336492890995
