3 0.919921875 0.7837301587301587 0.08046875 0.14682539682539683
3 0.6890625 0.8204365079365079 0.0796875 0.1488095238095238
3 0.535546875 0.3601190476190476 0.03984375 0.09325396825396826
3 0.64296875 0.7509920634920635 0.06875 0.13293650793650794
3 0.19921875 0.9206349206349206 0.103125 0.13095238095238096
3 0.2296875 0.7361111111111112 0.078125 0.09523809523809523
3 0.366796875 0.7271825396825397 0.06796875 0.10515873015873016
3 0.36875 0.6150793650793651 0.0625 0.07539682539682539
3 0.258984375 0.5942460317460317 0.06484375 0.08928571428571429
3 0.283984375 0.44047619047619047 0.06484375 0.11507936507936507
3 0.377734375 0.5257936507936508 0.05859375 0.047619047619047616
3 0.373828125 0.4632936507936508 0.04765625 0.06547619047619048
3 0.615625 0.5922619047619048 0.0609375 0.08134920634920635
3 0.65234375 0.6577380952380952 0.059375 0.06944444444444445
3 0.775390625 0.6706349206349206 0.06953125 0.14285714285714285
3 0.766796875 0.7648809523809523 0.06328125 0.12103174603174603
3 0.68515625 0.5535714285714286 0.0484375 0.09126984126984126
3 0.6375 0.4652777777777778 0.04375 0.08134920634920635
3 0.675 0.3680555555555556 0.034375 0.06944444444444445
3 0.626953125 0.4097222222222222 0.04140625 0.061507936507936505
3 0.599609375 0.3611111111111111 0.03203125 0.06349206349206349
3 0.57421875 0.2896825396825397 0.034375 0.07936507936507936
3 0.5140625 0.30654761904761907 0.025 0.05357142857142857
8 0.754296875 0.4107142857142857 0.07890625 0.24603174603174602
8 0.633984375 0.251984126984127 0.03984375 0.14285714285714285
8 0.055859375 0.6755952380952381 0.10703125 0.37896825396825395
8 0.12890625 0.5119047619047619 0.0859375 0.32142857142857145
