3 0.76171875 0.6598311218335344 0.1375 0.20024125452352232
3 0.891015625 0.7237635705669482 0.19140625 0.255729794933655
3 0.188671875 0.6930036188178529 0.16953125 0.26658624849215923
4 0.580859375 0.7997587454764777 0.08203125 0.23401688781664656
3 0.57421875 0.6441495778045838 0.14375 0.17852834740651388
3 0.882421875 0.9028950542822678 0.23359375 0.18938480096501809
1 0.584375 0.7159227985524729 0.0890625 0.25211097708082025
3 0.027734375 0.7623642943305187 0.04609375 0.3401688781664656
3 0.106640625 0.49939686369119424 0.20234375 0.10856453558504221
3 0.668359375 0.5566948130277443 0.06953125 0.09047044632086852
