3 0.861328125 0.835480093676815 0.17265625 0.11592505854800937
3 0.58515625 0.7160421545667447 0.1328125 0.09250585480093677
3 0.5921875 0.8852459016393442 0.2078125 0.15456674473067916
6 0.246484375 0.5936768149882904 0.12890625 0.11475409836065574
3 0.5171875 0.8032786885245902 0.153125 0.1053864168618267
3 0.95703125 0.7775175644028103 0.0828125 0.11475409836065574
3 0.92734375 0.6334894613583139 0.053125 0.05152224824355972
3 0.93046875 0.7037470725995316 0.121875 0.09133489461358314
3 0.271875 0.7546838407494145 0.16875 0.08548009367681499
3 0.635546875 0.6569086651053864 0.09765625 0.06323185011709602
3 0.748828125 0.7693208430913349 0.14609375 0.0936768149882904
3 0.726953125 0.6118266978922716 0.05546875 0.05503512880562061
3 0.826953125 0.5228337236533958 0.06328125 0.04800936768149883
3 0.882421875 0.5761124121779859 0.03984375 0.0468384074941452
3 0.044140625 0.8846604215456675 0.08828125 0.11358313817330211
3 0.82421875 0.5761124121779859 0.0390625 0.05152224824355972
3 0.98203125 0.6247072599531616 0.034375 0.06908665105386416
3 0.7671875 0.7096018735362998 0.1140625 0.06557377049180328
3 0.855078125 0.6288056206088993 0.04921875 0.06323185011709602
3 0.503515625 0.6768149882903981 0.11796875 0.08899297423887588
3 0.76328125 0.5608899297423887 0.034375 0.04449648711943794
3 0.744140625 0.5333723653395784 0.03828125 0.040983606557377046
3 0.678125 0.47423887587822017 0.01875 0.02576112412177986
3 0.69921875 0.4718969555035129 0.01875 0.02576112412177986
3 0.73046875 0.47540983606557374 0.01875 0.01873536299765808
3 0.739453125 0.48711943793911006 0.02890625 0.01873536299765808
3 0.7578125 0.5040983606557377 0.028125 0.026932084309133488
3 0.81171875 0.4607728337236534 0.0359375 0.026932084309133488
3 0.47265625 0.5087822014051522 0.0484375 0.03395784543325527
3 0.487890625 0.48770491803278687 0.02109375 0.02459016393442623
3 0.50625 0.477751756440281 0.015625 0.02576112412177986
3 0.52578125 0.49004683840749413 0.021875 0.02459016393442623
3 0.549609375 0.49121779859484777 0.02109375 0.02224824355971897
3 0.57578125 0.48653395784543324 0.01875 0.02459016393442623
3 0.08046875 0.6165105386416861 0.084375 0.03864168618266979
3 0.115234375 0.6668618266978923 0.10390625 0.09484777517564402
3 0.169140625 0.5942622950819673 0.03671875 0.059718969555035126
6 0.358984375 0.5556206088992974 0.08984375 0.10187353629976581
6 0.31796875 0.531615925058548 0.0765625 0.06088992974238876
6 0.088671875 0.4672131147540984 0.05390625 0.0468384074941452
6 0.036328125 0.594847775175644 0.07265625 0.08665105386416862
6 0.01328125 0.6194379391100703 0.0265625 0.07962529274004684
6 0.160546875 0.5614754098360656 0.10546875 0.06674473067915691
6 0.22734375 0.8548009367681498 0.2296875 0.17798594847775176
3 0.77109375 0.6375878220140515 0.0578125 0.07611241217798595
1 0.83984375 0.9443793911007026 0.0453125 0.10421545667447307
1 0.897265625 0.5187353629976581 0.00859375 0.04449648711943794
1 0.262109375 0.5245901639344263 0.01015625 0.03278688524590164
3 0.641015625 0.5081967213114754 0.03515625 0.0351288056206089
