3 0.33125 0.9079696394686907 0.17708333333333334 0.13851992409867173
3 0.8645833333333334 0.9250474383301708 0.041666666666666664 0.058823529411764705
4 0.20677083333333332 0.9184060721062619 0.06979166666666667 0.09487666034155598
4 0.0828125 0.9070208728652751 0.071875 0.09867172675521822
4 0.44479166666666664 0.9335863377609108 0.0625 0.06072106261859583
1 0.1765625 0.889943074003795 0.03854166666666667 0.14800759013282733
1 0.2942708333333333 0.8851992409867173 0.028125 0.18026565464895636
1 0.325 0.9316888045540797 0.029166666666666667 0.07590132827324478
1 0.6729166666666667 0.9070208728652751 0.022916666666666665 0.07210626185958255
3 0.5958333333333333 0.9136622390891841 0.09166666666666666 0.1157495256166983
4 0.6744791666666666 0.937381404174573 0.028125 0.06072106261859583
3 0.9473958333333333 0.9165085388994307 0.09479166666666666 0.14800759013282733
