3 0.833203125 0.7916666666666666 0.13359375 0.1361111111111111
3 0.931640625 0.8125 0.13515625 0.19722222222222222
3 0.06328125 0.7819444444444444 0.1234375 0.21388888888888888
3 0.082421875 0.7604166666666666 0.12265625 0.17916666666666667
3 0.8421875 0.7243055555555555 0.1359375 0.07083333333333333
3 0.640625 0.7208333333333333 0.05 0.05
3 0.603515625 0.7055555555555556 0.04921875 0.05555555555555555
1 0.60703125 0.8083333333333333 0.03125 0.18888888888888888
1 0.626171875 0.8229166666666666 0.02578125 0.1625
3 0.155078125 0.7770833333333333 0.05859375 0.1375
3 0.30859375 0.70625 0.0765625 0.06805555555555555
3 0.355078125 0.7076388888888889 0.01171875 0.05416666666666667
3 0.45078125 0.7090277777777778 0.0296875 0.0375
3 0.37109375 0.7097222222222223 0.015625 0.05555555555555555
3 0.504296875 0.6958333333333333 0.01640625 0.022222222222222223
3 0.56953125 0.70625 0.0328125 0.04861111111111111
