3 0.757421875 0.6708333333333333 0.13671875 0.14166666666666666
3 0.53828125 0.6736111111111112 0.24375 0.1638888888888889
3 0.609765625 0.6243055555555556 0.11328125 0.09861111111111111
3 0.098828125 0.5854166666666667 0.03828125 0.059722222222222225
1 0.330078125 0.5993055555555555 0.02265625 0.10138888888888889
1 0.36796875 0.6027777777777777 0.0140625 0.08888888888888889
1 0.389453125 0.6013888888888889 0.01953125 0.09722222222222222
3 0.255859375 0.6770833333333334 0.18515625 0.2763888888888889
3 0.45234375 0.6048611111111111 0.059375 0.07083333333333333
3 0.4125 0.6118055555555556 0.025 0.07916666666666666
8 0.494921875 0.5611111111111111 0.14609375 0.06388888888888888
8 0.207421875 0.5770833333333333 0.12421875 0.22083333333333333
3 0.6609375 0.6333333333333333 0.0265625 0.1111111111111111
