3 0.15703125 0.6916666666666667 0.0609375 0.06428571428571428
3 0.05703125 0.6869047619047619 0.0515625 0.05476190476190476
3 0.20546875 0.8547619047619047 0.0796875 0.08571428571428572
3 0.53515625 0.7547619047619047 0.0515625 0.08095238095238096
3 0.6046875 0.8047619047619048 0.059375 0.09523809523809523
8 0.30546875 0.8869047619047619 0.0921875 0.1357142857142857
3 0.36015625 0.7095238095238096 0.0484375 0.05714285714285714
3 0.40859375 0.8416666666666667 0.0609375 0.07857142857142857
8 0.41875 0.6345238095238095 0.0375 0.05476190476190476
8 0.590625 0.5607142857142857 0.015625 0.04047619047619048
3 0.209375 0.6261904761904762 0.028125 0.03333333333333333
3 0.28203125 0.6130952380952381 0.0265625 0.04047619047619048
3 0.36875 0.6261904761904762 0.028125 0.03333333333333333
3 0.4640625 0.6785714285714286 0.034375 0.0380952380952381
3 0.54609375 0.6511904761904762 0.0296875 0.04523809523809524
3 0.39296875 0.5714285714285714 0.0171875 0.023809523809523808
3 0.54140625 0.5821428571428572 0.0171875 0.02619047619047619
3 0.51640625 0.6190476190476191 0.0203125 0.02857142857142857
3 0.49453125 0.6333333333333333 0.0265625 0.04285714285714286
3 0.47109375 0.6202380952380953 0.0171875 0.02619047619047619
