3 0.509375 0.5171875 0.0671875 0.03854166666666667
8 0.270703125 0.6598958333333333 0.41015625 0.29270833333333335
3 0.64375 0.48489583333333336 0.065625 0.028125
3 0.605859375 0.5182291666666666 0.04765625 0.03229166666666667
3 0.5796875 0.5088541666666667 0.040625 0.034375
8 0.683203125 0.49375 0.11484375 0.05
8 0.525390625 0.48125 0.02265625 0.035416666666666666
8 0.472265625 0.48072916666666665 0.05859375 0.036458333333333336
8 0.355078125 0.5052083333333334 0.25703125 0.125
8 0.2890625 0.4734375 0.240625 0.109375
8 0.083203125 0.48125 0.16484375 0.13541666666666666
1 0.1328125 0.5072916666666667 0.0234375 0.06458333333333334
1 0.16953125 0.5557291666666667 0.0515625 0.053125
1 0.119921875 0.5677083333333334 0.04921875 0.08958333333333333
1 0.029296875 0.6692708333333334 0.05703125 0.278125
