3 0.082421875 0.8916666666666667 0.16328125 0.21388888888888888
3 0.64296875 0.8652777777777778 0.0890625 0.09166666666666666
3 0.83828125 0.8534722222222222 0.08125 0.05694444444444444
3 0.308984375 0.8430555555555556 0.06640625 0.07222222222222222
3 0.9328125 0.8951388888888889 0.13125 0.17916666666666667
3 0.418359375 0.85 0.06640625 0.10277777777777777
3 0.38515625 0.81875 0.021875 0.034722222222222224
3 0.59765625 0.8326388888888889 0.0265625 0.0375
3 0.573046875 0.8243055555555555 0.02265625 0.03194444444444444
3 0.550390625 0.8215277777777777 0.02109375 0.02638888888888889
3 0.53203125 0.8201388888888889 0.0171875 0.02638888888888889
3 0.518359375 0.8263888888888888 0.02265625 0.025
3 0.499609375 0.8194444444444444 0.01640625 0.022222222222222223
3 0.4875 0.8194444444444444 0.0109375 0.016666666666666666
3 0.47109375 0.8215277777777777 0.0140625 0.020833333333333332
3 0.46015625 0.8159722222222222 0.0125 0.015277777777777777
8 0.70546875 0.8305555555555556 0.0625 0.06111111111111111
