3 0.26875 0.9431693989071038 0.071875 0.08743169398907104
3 0.40546875 0.8639344262295082 0.0609375 0.07103825136612021
3 0.71328125 0.9092896174863389 0.075 0.07213114754098361
3 0.425 0.7524590163934426 0.04375 0.053551912568306013
6 0.203515625 0.8163934426229508 0.11171875 0.16393442622950818
3 0.31328125 0.855191256830601 0.0640625 0.07540983606557378
3 0.5859375 0.7950819672131147 0.0484375 0.05792349726775956
6 0.742578125 0.7486338797814208 0.07890625 0.1377049180327869
3 0.59296875 0.892896174863388 0.065625 0.07650273224043716
3 0.38828125 0.980327868852459 0.078125 0.03715846994535519
3 0.622265625 0.8387978142076503 0.05546875 0.06448087431693988
3 0.66953125 0.807103825136612 0.0484375 0.060109289617486336
3 0.31953125 0.7989071038251366 0.05625 0.048087431693989074
3 0.358203125 0.7344262295081967 0.04140625 0.05245901639344262
3 0.37109375 0.7032786885245902 0.0328125 0.036065573770491806
3 0.3890625 0.6808743169398908 0.0328125 0.030601092896174863
3 0.384375 0.6939890710382514 0.034375 0.03278688524590164
3 0.448828125 0.6819672131147541 0.03515625 0.03934426229508197
3 0.43984375 0.7054644808743169 0.0359375 0.036065573770491806
3 0.56171875 0.7316939890710382 0.0359375 0.04262295081967213
3 0.530859375 0.6557377049180327 0.02265625 0.034972677595628415
3 0.550390625 0.687431693989071 0.02734375 0.03278688524590164
3 0.598046875 0.6710382513661202 0.02265625 0.02841530054644809
3 0.61328125 0.6961748633879782 0.0265625 0.034972677595628415
3 0.641015625 0.725136612021858 0.03515625 0.04262295081967213
3 0.610546875 0.7519125683060109 0.04140625 0.04371584699453552
3 0.6453125 0.7743169398907104 0.034375 0.04262295081967213
3 0.6140625 0.9497267759562842 0.1046875 0.09180327868852459
6 0.89140625 0.9355191256830601 0.1078125 0.12021857923497267
6 0.71875 0.7065573770491803 0.065625 0.10601092896174863
6 0.577734375 0.6415300546448087 0.03203125 0.048087431693989074
