3 0.10625 0.7475409836065574 0.0484375 0.05901639344262295
3 0.6078125 0.7893442622950819 0.075 0.10655737704918032
8 0.219140625 0.7090163934426229 0.04765625 0.09016393442622951
8 0.05234375 0.7295081967213115 0.05 0.06557377049180328
3 0.433984375 0.7704918032786885 0.03359375 0.05573770491803279
3 0.503125 0.7721311475409836 0.0265625 0.05573770491803279
3 0.565234375 0.7729508196721312 0.01796875 0.06721311475409836
3 0.32734375 0.7467213114754099 0.0359375 0.03442622950819672
3 0.175 0.75 0.034375 0.04426229508196721
3 0.01875 0.7442622950819672 0.0375 0.06885245901639345
