3 0.328515625 0.9110953058321479 0.17734375 0.13513513513513514
3 0.8640625 0.9267425320056899 0.040625 0.06116642958748222
8 0.593359375 0.9110953058321479 0.09453125 0.112375533428165
4 0.4453125 0.9345661450924608 0.0625 0.06258890469416785
4 0.08203125 0.9068278805120911 0.071875 0.09815078236130868
4 0.206640625 0.9196301564722618 0.06484375 0.0953058321479374
1 0.176953125 0.8911806543385491 0.03828125 0.1465149359886202
3 0.94921875 0.9231863442389758 0.0984375 0.14509246088193456
4 0.674609375 0.9359886201991465 0.02578125 0.06827880512091039
1 0.674609375 0.9089615931721194 0.02421875 0.07396870554765292
1 0.298046875 0.8883357041251778 0.03046875 0.1806543385490754
1 0.328125 0.9352773826458037 0.0328125 0.09246088193456614
