3 0.914 0.8563084112149533 0.166 0.2827102803738318
3 0.0995 0.7137850467289719 0.185 0.20794392523364486
3 0.585 0.7757009345794392 0.086 0.1542056074766355
3 0.425 0.7336448598130841 0.048 0.07009345794392523
3 0.3375 0.735981308411215 0.023 0.06074766355140187
3 0.2065 0.7289719626168224 0.053 0.12149532710280374
3 0.64 0.7757009345794392 0.028 0.07476635514018691
3 0.697 0.7686915887850467 0.056 0.11214953271028037
3 0.704 0.7990654205607477 0.048 0.11682242990654206
3 0.8025 0.8422897196261683 0.117 0.20794392523364486
3 0.7425 0.8107476635514018 0.035 0.14018691588785046
