3 0.505859375 0.8585858585858586 0.11640625 0.12345679012345678
3 0.2234375 0.8484848484848485 0.1 0.09876543209876543
3 0.28515625 0.835016835016835 0.0765625 0.08529741863075196
3 0.090234375 0.8406285072951739 0.14453125 0.16610549943883277
3 0.688671875 0.8209876543209876 0.05234375 0.07744107744107744
3 0.4265625 0.8389450056116723 0.0796875 0.08866442199775533
3 0.770703125 0.8041526374859708 0.05234375 0.052749719416386086
3 0.721875 0.8041526374859708 0.03125 0.07295173961840629
3 0.630859375 0.8254769921436588 0.07578125 0.10662177328843996
3 0.58359375 0.8277216610549943 0.0328125 0.09764309764309764
3 0.334375 0.8260381593714927 0.0734375 0.0920314253647587
3 0.178125 0.8092031425364759 0.0671875 0.07407407407407407
3 0.019140625 0.8215488215488216 0.03515625 0.08529741863075196
3 0.3796875 0.8249158249158249 0.025 0.08080808080808081
