3 0.24100719424460432 0.6577777777777778 0.1539568345323741 0.2
3 0.8086330935251799 0.6933333333333334 0.1697841726618705 0.26666666666666666
3 0.10431654676258993 0.7144444444444444 0.1971223021582734 0.24222222222222223
4 0.4158273381294964 0.7855555555555556 0.08920863309352518 0.2511111111111111
3 0.420863309352518 0.6311111111111111 0.13381294964028778 0.16
3 0.12014388489208633 0.8966666666666666 0.24028776978417266 0.19333333333333333
1 0.41510791366906474 0.7177777777777777 0.08201438848920864 0.23555555555555555
3 0.9769784172661871 0.7588888888888888 0.031654676258992806 0.34
3 0.8971223021582734 0.47888888888888886 0.1971223021582734 0.10888888888888888
3 0.33237410071942447 0.5533333333333333 0.0776978417266187 0.08444444444444445
