3 0.5984375 0.8120608899297423 0.0625 0.07377049180327869
3 0.70703125 0.8266978922716628 0.071875 0.07962529274004684
3 0.5734375 0.7096018735362998 0.04375 0.0702576112412178
3 0.64375 0.6937939110070258 0.040625 0.05035128805620609
3 0.90859375 0.8366510538641686 0.053125 0.05503512880562061
3 0.9578125 0.8717798594847775 0.04375 0.059718969555035126
3 0.680078125 0.9689695550351288 0.08359375 0.05269320843091335
3 0.592578125 0.6071428571428571 0.02109375 0.03629976580796253
3 0.6296875 0.6545667447306791 0.03125 0.03278688524590164
3 0.63984375 0.607728337236534 0.021875 0.03278688524590164
3 0.9046875 0.775175644028103 0.0375 0.03747072599531616
3 0.846875 0.7693208430913349 0.0328125 0.03981264637002342
3 0.87890625 0.7605386416861827 0.021875 0.02927400468384075
3 0.9265625 0.7423887587822015 0.0296875 0.03747072599531616
3 0.9015625 0.7289227166276346 0.0234375 0.03629976580796253
3 0.958203125 0.7218969555035128 0.02265625 0.03395784543325527
8 0.946875 0.6569086651053864 0.03125 0.04918032786885246
8 0.23828125 0.6738875878220141 0.0453125 0.06206088992974239
8 0.09140625 0.7693208430913349 0.18125 0.27634660421545665
