3 0.3971875 0.6644444444444444 0.140625 0.19777777777777777
3 0.6640625 0.6416666666666667 0.078125 0.10777777777777778
3 0.520625 0.6211111111111111 0.05875 0.09555555555555556
3 0.5959375 0.6322222222222222 0.048125 0.06444444444444444
3 0.9546875 0.8472222222222222 0.089375 0.30333333333333334
3 0.8334375 0.6716666666666666 0.170625 0.1922222222222222
3 0.0303125 0.5922222222222222 0.058125 0.08666666666666667
3 0.1534375 0.5994444444444444 0.043125 0.04777777777777778
3 0.11125 0.5955555555555555 0.0525 0.06444444444444444
3 0.4578125 0.6116666666666667 0.028125 0.07888888888888888
