3 0.49765625 0.8398601398601399 0.0515625 0.057342657342657345
4 0.33125 0.893006993006993 0.05 0.0937062937062937
1 0.340234375 0.8461538461538461 0.03984375 0.10909090909090909
3 0.729296875 0.879020979020979 0.07265625 0.13846153846153847
3 0.6546875 0.8328671328671329 0.0296875 0.02937062937062937
3 0.631640625 0.8265734265734266 0.01953125 0.025174825174825177
4 0.6125 0.8447552447552448 0.0125 0.039160839160839164
4 0.583203125 0.8412587412587412 0.01015625 0.026573426573426574
4 0.569140625 0.8496503496503497 0.01328125 0.04055944055944056
4 0.53203125 0.8734265734265734 0.0234375 0.06293706293706294
1 0.530859375 0.848951048951049 0.01640625 0.06153846153846154
1 0.56875 0.8307692307692308 0.0109375 0.04195804195804196
1 0.583203125 0.8216783216783217 0.00859375 0.03776223776223776
1 0.6140625 0.8293706293706293 0.009375 0.04755244755244755
1 0.8828125 0.8909090909090909 0.0265625 0.13986013986013987
