3 0.18046875 0.7419786096256684 0.1171875 0.09893048128342247
3 0.268359375 0.7771836007130125 0.10546875 0.11229946524064172
3 0.88046875 0.7361853832442068 0.1 0.0944741532976827
3 0.8671875 0.8640819964349377 0.1484375 0.13636363636363635
3 0.39296875 0.6163101604278075 0.053125 0.05258467023172905
3 0.7296875 0.678698752228164 0.075 0.07754010695187166
3 0.69140625 0.6296791443850267 0.05625 0.05080213903743316
3 0.32890625 0.5926916221033868 0.0453125 0.04634581105169341
3 0.909375 0.6853832442067737 0.0890625 0.0944741532976827
3 0.351171875 0.6853832442067737 0.08359375 0.09269162210338681
3 0.78359375 0.6341354723707665 0.05625 0.054367201426024955
3 0.846875 0.6140819964349377 0.05625 0.0427807486631016
3 0.778515625 0.56951871657754 0.04140625 0.03208556149732621
3 0.730078125 0.5860071301247772 0.04140625 0.034759358288770054
3 0.648046875 0.56951871657754 0.03828125 0.03208556149732621
3 0.6875 0.5459001782531194 0.0296875 0.02406417112299465
3 0.734375 0.5392156862745098 0.034375 0.0285204991087344
3 0.711328125 0.5249554367201426 0.02421875 0.0196078431372549
3 0.657421875 0.5147058823529411 0.03203125 0.02406417112299465
3 0.635546875 0.5374331550802139 0.03046875 0.0285204991087344
3 0.619921875 0.5236185383244206 0.02265625 0.02406417112299465
3 0.60625 0.5022281639928698 0.01875 0.01693404634581105
3 0.412890625 0.5753119429590018 0.04296875 0.04188948306595366
3 0.458984375 0.5334224598930482 0.03359375 0.027629233511586453
3 0.428515625 0.5187165775401069 0.01796875 0.0338680926916221
3 0.358203125 0.5236185383244206 0.02578125 0.027629233511586453
3 0.473046875 0.5129233511586453 0.02734375 0.022281639928698752
3 0.4484375 0.4964349376114082 0.021875 0.016042780748663103
3 0.391796875 0.49153297682709446 0.02421875 0.015151515151515152
3 0.428515625 0.4803921568627451 0.01796875 0.017825311942959002
8 0.32734375 0.5436720142602496 0.0484375 0.0392156862745098
8 0.397265625 0.5289661319073083 0.04453125 0.05614973262032086
8 0.646875 0.4959893048128342 0.0265625 0.040106951871657755
