3 0.484375 0.7848984771573604 0.18125 0.1383248730964467
3 0.83515625 0.7893401015228426 0.2296875 0.17766497461928935
4 0.65625 0.8001269035532995 0.090625 0.0799492385786802
1 0.65859375 0.7677664974619289 0.040625 0.10406091370558376
3 0.258984375 0.7030456852791879 0.05390625 0.07614213197969544
1 0.3046875 0.7068527918781726 0.0171875 0.09898477157360407
1 0.565625 0.6871827411167513 0.01875 0.07233502538071065
1 0.630078125 0.6833756345177665 0.01328125 0.06979695431472081
1 0.65390625 0.6846446700507615 0.0109375 0.06725888324873096
1 0.71796875 0.7144670050761421 0.025 0.06091370558375635
4 0.719921875 0.756979695431472 0.02265625 0.05710659898477157
4 0.305078125 0.7296954314720813 0.02265625 0.050761421319796954
