3 0.482421875 0.8694444444444445 0.04921875 0.06388888888888888
3 0.637890625 0.7875 0.04140625 0.05
3 0.741015625 0.7208333333333333 0.03671875 0.06388888888888888
3 0.932421875 0.9263888888888889 0.06953125 0.041666666666666664
3 0.9609375 0.9631944444444445 0.0609375 0.03194444444444444
3 0.035546875 0.7625 0.03984375 0.06111111111111111
3 0.010546875 0.7645833333333333 0.01953125 0.0763888888888889
3 0.68203125 0.6548611111111111 0.028125 0.04583333333333333
3 0.672265625 0.7361111111111112 0.03515625 0.044444444444444446
3 0.75 0.6368055555555555 0.028125 0.0375
