8 0.152734375 0.6506944444444445 0.30546875 0.3402777777777778
3 0.606640625 0.6284722222222222 0.04765625 0.059722222222222225
8 0.390625 0.6284722222222222 0.1890625 0.19583333333333333
3 0.805859375 0.65 0.19296875 0.12222222222222222
3 0.48359375 0.6326388888888889 0.028125 0.07361111111111111
3 0.510546875 0.6083333333333333 0.03828125 0.06388888888888888
3 0.52734375 0.60625 0.0296875 0.04027777777777778
3 0.654296875 0.6194444444444445 0.02578125 0.03333333333333333
3 0.73203125 0.6340277777777777 0.0859375 0.09305555555555556
8 0.566015625 0.5993055555555555 0.04921875 0.09861111111111111
4 0.6734375 0.6375 0.0109375 0.025
1 0.675390625 0.6229166666666667 0.01484375 0.043055555555555555
1 0.975 0.7833333333333333 0.0484375 0.4222222222222222
