3 0.337109375 0.7767732962447844 0.20078125 0.3184979137691238
3 0.20078125 0.717663421418637 0.1125 0.17246175243393602
3 0.109375 0.6787204450625869 0.0859375 0.16689847009735745
1 0.801171875 0.760778859527121 0.04296875 0.22809457579972184
1 0.65234375 0.721835883171071 0.040625 0.19193324061196107
1 0.608203125 0.7378303198887344 0.03046875 0.17941585535465926
1 0.5703125 0.7343532684283728 0.0265625 0.19749652294853964
1 0.534765625 0.7420027816411683 0.03203125 0.18776077885952713
1 0.498828125 0.7280945757997218 0.03359375 0.21835883171070933
1 0.594140625 0.7058414464534075 0.01796875 0.16550764951321278
