3 0.797265625 0.814453125 0.11171875 0.09244791666666667
3 0.952734375 0.8899739583333334 0.09296875 0.09505208333333333
3 0.830078125 0.7734375 0.09765625 0.08333333333333333
3 0.608984375 0.6901041666666666 0.07421875 0.057291666666666664
3 0.541796875 0.69140625 0.06015625 0.06510416666666667
3 0.645703125 0.7395833333333334 0.07578125 0.08333333333333333
3 0.70546875 0.7174479166666666 0.078125 0.08854166666666667
3 0.647265625 0.5436197916666666 0.04609375 0.037760416666666664
3 0.823046875 0.4986979166666667 0.03984375 0.041666666666666664
3 0.7921875 0.48828125 0.03125 0.0390625
3 0.889453125 0.4791666666666667 0.02421875 0.03125
3 0.695703125 0.4759114583333333 0.03203125 0.02734375
3 0.703125 0.4928385416666667 0.0234375 0.01953125
3 0.599609375 0.5078125 0.04609375 0.036458333333333336
3 0.563671875 0.5078125 0.02734375 0.028645833333333332
3 0.541796875 0.5279947916666666 0.03671875 0.029947916666666668
3 0.511328125 0.5208333333333334 0.02265625 0.026041666666666668
3 0.53515625 0.501953125 0.025 0.01953125
3 0.446875 0.53125 0.0375 0.028645833333333332
3 0.4734375 0.5390625 0.0484375 0.036458333333333336
8 0.437890625 0.51953125 0.05234375 0.046875
1 0.291796875 0.962890625 0.02265625 0.06380208333333333
1 0.108203125 0.6979166666666666 0.01484375 0.0546875
1 0.08203125 0.7037760416666666 0.015625 0.05859375
