3 0.482421875 0.8694444444444445 0.04921875 0.06388888888888888
3 0.637890625 0.7875 0.04140625 0.05
3 0.74140625 0.7208333333333333 0.0359375 0.06388888888888888
3 0.0328125 0.7631944444444444 0.0359375 0.05694444444444444
3 0.007421875 0.7680555555555556 0.01484375 0.06944444444444445
3 0.671875 0.7319444444444444 0.034375 0.05
3 0.681640625 0.6604166666666667 0.03046875 0.0375
3 0.749609375 0.6333333333333333 0.02890625 0.03888888888888889
3 0.936328125 0.9326388888888889 0.08515625 0.03194444444444444
3 0.94921875 0.9625 0.0859375 0.04722222222222222
3 0.946484375 0.9472222222222222 0.08046875 0.03333333333333333
