3 0.564453125 0.7715617715617715 0.25703125 0.24475524475524477
3 0.209375 0.8047785547785548 0.3796875 0.36013986013986016
3 0.827734375 0.7138694638694638 0.16796875 0.21794871794871795
3 0.39453125 0.7016317016317016 0.0984375 0.13286713286713286
3 0.4765625 0.6899766899766899 0.059375 0.07692307692307693
3 0.034765625 0.7132867132867133 0.06796875 0.14219114219114218
3 0.72578125 0.708041958041958 0.0640625 0.08974358974358974
3 0.669921875 0.6917249417249417 0.07890625 0.10139860139860139
3 0.64375 0.5961538461538461 0.0515625 0.04312354312354312
3 0.715625 0.615967365967366 0.0546875 0.038461538461538464
3 0.87578125 0.6048951048951049 0.0453125 0.04895104895104895
3 0.928125 0.6305361305361306 0.053125 0.053613053613053616
