3 0.076171875 0.7565172054223149 0.15234375 0.23044838373305526
1 0.936328125 0.678310740354536 0.06015625 0.15954118873826903
4 0.9359375 0.7221063607924921 0.0640625 0.12200208550573514
3 0.210546875 0.7064650677789364 0.14765625 0.22419186652763295
3 0.391015625 0.6934306569343066 0.10078125 0.15641293013555788
3 0.762890625 0.6934306569343066 0.11796875 0.15015641293013557
3 0.8296875 0.664754953076121 0.0421875 0.11366006256517205
3 0.690234375 0.6840458811261731 0.04765625 0.13555787278415016
4 0.3609375 0.7398331595411888 0.0375 0.09071949947862357
1 0.358203125 0.6882168925964547 0.04296875 0.12721584984358708
3 0.308203125 0.6371220020855057 0.06796875 0.04171011470281543
