3 0.5328125 0.7076271186440678 0.1640625 0.18038740920096852
3 0.895703125 0.6779661016949152 0.15234375 0.11864406779661017
3 0.3 0.637409200968523 0.078125 0.10774818401937046
3 0.656640625 0.6549636803874092 0.08046875 0.07990314769975787
1 0.10234375 0.637409200968523 0.040625 0.13196125907990314
3 0.166015625 0.6168280871670703 0.03828125 0.05690072639225181
3 0.198828125 0.6059322033898306 0.02578125 0.03753026634382567
3 0.23515625 0.612590799031477 0.0390625 0.05084745762711865
3 0.253125 0.6283292978208233 0.025 0.06053268765133172
3 0.36015625 0.6162227602905569 0.034375 0.04116222760290557
3 0.446875 0.6180387409200968 0.034375 0.06658595641646489
3 0.601953125 0.6743341404358354 0.05390625 0.14285714285714285
6 0.56171875 0.585956416464891 0.0765625 0.07021791767554479
6 0.38203125 0.6083535108958837 0.04375 0.07627118644067797
