3 0.45390625 0.7161803713527851 0.0859375 0.09814323607427056
3 0.36171875 0.6830238726790451 0.0484375 0.058355437665782495
3 0.549609375 0.7009283819628647 0.07890625 0.11538461538461539
8 0.198828125 0.6372679045092838 0.09765625 0.17374005305039789
3 0.41171875 0.6810344827586207 0.03125 0.046419098143236075
3 0.502734375 0.6830238726790451 0.03671875 0.07161803713527852
3 0.6171875 0.6598143236074271 0.0265625 0.03580901856763926
8 0.66796875 0.6618037135278515 0.028125 0.058355437665782495
8 0.506640625 0.6206896551724138 0.03515625 0.0636604774535809
8 0.438671875 0.6445623342175066 0.03984375 0.0610079575596817
