3 0.5765625 0.7395833333333334 0.11875 0.19305555555555556
3 0.566796875 0.6090277777777777 0.04453125 0.06805555555555555
3 0.60625 0.6451388888888889 0.0546875 0.09027777777777778
3 0.311328125 0.6729166666666667 0.07734375 0.1125
3 0.465625 0.5993055555555555 0.0421875 0.059722222222222225
3 0.52265625 0.5881944444444445 0.0328125 0.04583333333333333
4 0.4140625 0.6395833333333333 0.015625 0.034722222222222224
4 0.389453125 0.6555555555555556 0.01796875 0.041666666666666664
4 0.371875 0.6430555555555556 0.0125 0.03888888888888889
4 0.35546875 0.6743055555555556 0.0171875 0.043055555555555555
4 0.253125 0.6673611111111111 0.0171875 0.04027777777777778
4 0.48828125 0.7340277777777777 0.0359375 0.09027777777777778
4 0.661328125 0.6673611111111111 0.02421875 0.06527777777777778
4 0.68125 0.6534722222222222 0.0203125 0.059722222222222225
1 0.6609375 0.6395833333333333 0.0171875 0.0763888888888889
1 0.67734375 0.6222222222222222 0.01875 0.075
1 0.487890625 0.6861111111111111 0.03046875 0.12777777777777777
1 0.25234375 0.6416666666666667 0.015625 0.06666666666666667
1 0.116015625 0.6590277777777778 0.01953125 0.09305555555555556
1 0.355078125 0.6381944444444444 0.01484375 0.08472222222222223
1 0.371875 0.6180555555555556 0.009375 0.05277777777777778
1 0.390625 0.6243055555555556 0.0125 0.06805555555555555
1 0.41328125 0.6138888888888889 0.0109375 0.04722222222222222
