3 0.80859375 0.7786458333333334 0.14453125 0.15104166666666666
3 0.58837890625 0.7936197916666666 0.1572265625 0.15494791666666666
3 0.326171875 0.8125 0.166015625 0.16145833333333334
3 0.1748046875 0.7317708333333334 0.125 0.13541666666666666
3 0.67529296875 0.7369791666666666 0.1279296875 0.1328125
3 0.74755859375 0.921875 0.2275390625 0.15104166666666666
3 0.9443359375 0.8229166666666666 0.107421875 0.21354166666666666
3 0.8955078125 0.650390625 0.111328125 0.10546875
3 0.4580078125 0.7389322916666666 0.1328125 0.16536458333333334
3 0.197265625 0.6438802083333334 0.095703125 0.10546875
3 0.08056640625 0.673828125 0.1044921875 0.12630208333333334
3 0.23974609375 0.5911458333333334 0.0751953125 0.09895833333333333
3 0.4482421875 0.552734375 0.06640625 0.06901041666666667
3 0.27978515625 0.4694010416666667 0.0458984375 0.053385416666666664
3 0.94580078125 0.6223958333333334 0.0869140625 0.08854166666666667
3 0.8173828125 0.57421875 0.0703125 0.09375
3 0.90869140625 0.5651041666666666 0.0908203125 0.06510416666666667
3 0.625 0.5768229166666666 0.08203125 0.09895833333333333
3 0.50390625 0.564453125 0.05859375 0.06380208333333333
3 0.12646484375 0.525390625 0.0654296875 0.07942708333333333
3 0.5517578125 0.57421875 0.072265625 0.07552083333333333
3 0.744140625 0.6009114583333334 0.095703125 0.11848958333333333
3 0.17919921875 0.5006510416666666 0.0478515625 0.061197916666666664
3 0.7119140625 0.5169270833333334 0.046875 0.049479166666666664
3 0.15576171875 0.5377604166666666 0.0771484375 0.0625
3 0.033203125 0.4895833333333333 0.0546875 0.06510416666666667
3 0.02490234375 0.5572916666666666 0.0498046875 0.0703125
3 0.6787109375 0.587890625 0.046875 0.11848958333333333
3 0.47119140625 0.486328125 0.0302734375 0.032552083333333336
3 0.4970703125 0.5071614583333334 0.03125 0.024739583333333332
3 0.5283203125 0.51171875 0.046875 0.028645833333333332
3 0.56640625 0.478515625 0.041015625 0.04296875
3 0.52685546875 0.4466145833333333 0.0400390625 0.03125
3 0.59716796875 0.4466145833333333 0.0322265625 0.03125
3 0.63232421875 0.486328125 0.0556640625 0.05078125
3 0.6328125 0.4010416666666667 0.033203125 0.036458333333333336
3 0.560546875 0.3932291666666667 0.037109375 0.036458333333333336
3 0.53466796875 0.4114583333333333 0.0439453125 0.03125
3 0.232421875 0.486328125 0.046875 0.040364583333333336
3 0.216796875 0.443359375 0.05078125 0.032552083333333336
3 0.22265625 0.3912760416666667 0.0390625 0.032552083333333336
3 0.173828125 0.3502604166666667 0.0390625 0.046875
3 0.30224609375 0.3834635416666667 0.0341796875 0.037760416666666664
6 0.41552734375 0.5078125 0.0810546875 0.1015625
6 0.6767578125 0.4479166666666667 0.05859375 0.1015625
8 0.10595703125 0.4498697916666667 0.0810546875 0.13411458333333334
1 0.02099609375 0.6399739583333334 0.0322265625 0.08203125
4 0.02001953125 0.662109375 0.0263671875 0.06901041666666667
