3 0.2421875 0.6890625 0.1953125 0.12604166666666666
3 0.603125 0.6604166666666667 0.0734375 0.07708333333333334
3 0.66484375 0.6546875 0.0625 0.065625
8 0.080078125 0.621875 0.16015625 0.16458333333333333
1 0.551953125 0.6661458333333333 0.03515625 0.11979166666666667
8 0.50078125 0.603125 0.0953125 0.1375
3 0.2859375 0.6338541666666667 0.1390625 0.134375
1 0.018359375 0.6666666666666666 0.03359375 0.14791666666666667
8 0.91484375 0.5494791666666666 0.1671875 0.340625
3 0.763671875 0.6234375 0.13984375 0.13645833333333332
