3 0.8076923076923077 0.9128205128205128 0.10256410256410256 0.1094017094017094
3 0.5833333333333334 0.8854700854700854 0.09487179487179487 0.10598290598290598
3 0.4185897435897436 0.7991452991452992 0.08076923076923077 0.0905982905982906
3 0.7128205128205128 0.7923076923076923 0.08461538461538462 0.09401709401709402
3 0.5160256410256411 0.7675213675213676 0.07307692307692308 0.07863247863247863
3 0.2923076923076923 0.8367521367521368 0.08974358974358974 0.11452991452991453
3 0.5532051282051282 0.7111111111111111 0.06538461538461539 0.07179487179487179
3 0.5173076923076924 0.6777777777777778 0.05512820512820513 0.05982905982905983
3 0.316025641025641 0.6316239316239316 0.047435897435897434 0.05641025641025641
3 0.6282051282051282 0.7393162393162394 0.07948717948717948 0.1076923076923077
3 0.9801282051282051 0.6675213675213675 0.03717948717948718 0.05641025641025641
3 0.20256410256410257 0.4777777777777778 0.03076923076923077 0.046153846153846156
3 0.42948717948717946 0.6538461538461539 0.05384615384615385 0.05982905982905983
3 0.3871794871794872 0.6273504273504273 0.041025641025641026 0.05128205128205128
3 0.9147435897435897 0.582905982905983 0.03461538461538462 0.044444444444444446
3 0.985897435897436 0.505982905982906 0.023076923076923078 0.03076923076923077
3 0.9634615384615385 0.49145299145299143 0.026923076923076925 0.02905982905982906
3 0.9262820512820513 0.4752136752136752 0.03205128205128205 0.037606837606837605
3 0.9 0.43675213675213675 0.02564102564102564 0.02905982905982906
3 0.6538461538461539 0.6162393162393163 0.04358974358974359 0.04957264957264957
3 0.6583333333333333 0.49572649572649574 0.03205128205128205 0.037606837606837605
3 0.5782051282051283 0.5094017094017094 0.028205128205128206 0.041025641025641026
3 0.49423076923076925 0.6068376068376068 0.047435897435897434 0.041025641025641026
3 0.47115384615384615 0.5837606837606838 0.03974358974358974 0.039316239316239315
3 0.35 0.5376068376068376 0.035897435897435895 0.039316239316239315
3 0.32884615384615384 0.5683760683760684 0.03974358974358974 0.05641025641025641
3 0.17884615384615385 0.41623931623931626 0.026923076923076925 0.02905982905982906
3 0.2282051282051282 0.44188034188034186 0.023076923076923078 0.03247863247863248
3 0.4166666666666667 0.5316239316239316 0.03333333333333333 0.044444444444444446
3 0.39871794871794874 0.5786324786324787 0.041025641025641026 0.042735042735042736
3 0.3967948717948718 0.5931623931623932 0.03717948717948718 0.044444444444444446
3 0.40897435897435896 0.4794871794871795 0.03333333333333333 0.02905982905982906
3 0.375 0.441025641025641 0.02435897435897436 0.03418803418803419
3 0.29743589743589743 0.43675213675213675 0.02564102564102564 0.02905982905982906
3 0.5506410256410257 0.4478632478632479 0.02435897435897436 0.03076923076923077
3 0.5128205128205128 0.44188034188034186 0.02564102564102564 0.02564102564102564
3 0.483974358974359 0.4393162393162393 0.02435897435897436 0.02735042735042735
3 0.44871794871794873 0.42735042735042733 0.023076923076923078 0.023931623931623933
3 0.3423076923076923 0.3974358974358974 0.023076923076923078 0.03247863247863248
3 0.2641025641025641 0.4128205128205128 0.023076923076923078 0.035897435897435895
8 0.34487179487179487 0.4641025641025641 0.046153846153846156 0.0905982905982906
8 0.2724358974358974 0.48376068376068376 0.04487179487179487 0.07179487179487179
8 0.2916666666666667 0.5846153846153846 0.04487179487179487 0.06837606837606838
8 0.45705128205128204 0.5521367521367522 0.047435897435897434 0.06153846153846154
8 0.5698717948717948 0.6256410256410256 0.05512820512820513 0.12307692307692308
8 0.6115384615384616 0.5042735042735043 0.028205128205128206 0.04786324786324787
3 0.2423076923076923 0.5658119658119658 0.035897435897435895 0.04786324786324787
3 0.26346153846153847 0.5461538461538461 0.026923076923076925 0.039316239316239315
8 0.8480769230769231 0.4307692307692308 0.03205128205128205 0.044444444444444446
