3 0.9359375 0.7456724367509987 0.1265625 0.3249001331557923
3 0.14453125 0.6897470039946738 0.1515625 0.20239680426098536
3 0.14375 0.8914780292942743 0.2734375 0.21438082556591212
3 0.265625 0.6418109187749668 0.103125 0.15978695073235685
3 0.75234375 0.6810918774966711 0.134375 0.25432756324900135
1 0.417578125 0.7210386151797603 0.08671875 0.25432756324900135
4 0.420703125 0.7762982689747004 0.08515625 0.21571238348868177
3 0.42734375 0.6464713715046605 0.1265625 0.1744340878828229
3 0.855859375 0.5013315579227696 0.14453125 0.1051930758988016
3 0.97109375 0.49001331557922767 0.0546875 0.151797603195739
