3 0.80859375 0.9140625 0.103125 0.109375
3 0.584375 0.8848958333333333 0.0953125 0.10520833333333333
3 0.41875 0.8 0.08125 0.09166666666666666
3 0.516015625 0.76875 0.07265625 0.07916666666666666
3 0.712109375 0.7932291666666667 0.08515625 0.09479166666666666
3 0.553515625 0.7119791666666667 0.06484375 0.071875
3 0.51796875 0.678125 0.0546875 0.06041666666666667
3 0.316015625 0.6317708333333333 0.04765625 0.057291666666666664
3 0.980859375 0.6682291666666667 0.03671875 0.059375
3 0.629296875 0.7401041666666667 0.08046875 0.10729166666666666
3 0.915234375 0.5875 0.03671875 0.0375
3 0.65546875 0.6171875 0.0484375 0.053125
3 0.47265625 0.5828125 0.0390625 0.042708333333333334
3 0.494921875 0.6109375 0.04453125 0.042708333333333334
3 0.430078125 0.6552083333333333 0.05078125 0.05416666666666667
3 0.387890625 0.6291666666666667 0.04765625 0.04375
3 0.3921875 0.5895833333333333 0.0421875 0.03333333333333333
3 0.350390625 0.5390625 0.03203125 0.034375
3 0.332421875 0.56875 0.03515625 0.05
3 0.263671875 0.5515625 0.03203125 0.034375
3 0.242578125 0.565625 0.03671875 0.041666666666666664
3 0.203125 0.48125 0.0296875 0.04375
3 0.4171875 0.5328125 0.0359375 0.03854166666666667
3 0.579296875 0.5114583333333333 0.03046875 0.04375
3 0.406640625 0.4817708333333333 0.02890625 0.028125
3 0.180078125 0.41770833333333335 0.02421875 0.025
3 0.228515625 0.4432291666666667 0.02421875 0.03229166666666667
3 0.658203125 0.49895833333333334 0.03203125 0.035416666666666666
3 0.55 0.4510416666666667 0.0234375 0.022916666666666665
3 0.51484375 0.4427083333333333 0.0265625 0.027083333333333334
3 0.485546875 0.43802083333333336 0.02265625 0.026041666666666668
3 0.448046875 0.4270833333333333 0.02578125 0.025
3 0.298046875 0.4401041666666667 0.02265625 0.026041666666666668
3 0.265234375 0.4140625 0.02109375 0.028125
3 0.375390625 0.4427083333333333 0.02109375 0.029166666666666667
3 0.34296875 0.39895833333333336 0.021875 0.03333333333333333
3 0.331640625 0.37395833333333334 0.01796875 0.027083333333333334
3 0.981640625 0.5078125 0.01796875 0.026041666666666668
3 0.963671875 0.4942708333333333 0.03203125 0.030208333333333334
3 0.926171875 0.4817708333333333 0.02734375 0.026041666666666668
3 0.9015625 0.43697916666666664 0.025 0.026041666666666668
8 0.570703125 0.628125 0.05859375 0.11458333333333333
8 0.291015625 0.5859375 0.05234375 0.06979166666666667
8 0.34140625 0.46145833333333336 0.046875 0.0875
8 0.273046875 0.48385416666666664 0.04453125 0.065625
8 0.611328125 0.5020833333333333 0.02734375 0.04791666666666667
8 0.53828125 0.409375 0.021875 0.029166666666666667
8 0.29140625 0.4125 0.0234375 0.041666666666666664
8 0.250390625 0.3890625 0.02578125 0.042708333333333334
6 0.85 0.43020833333333336 0.0328125 0.041666666666666664
1 0.190625 0.6697916666666667 0.025 0.05416666666666667
4 0.18984375 0.6895833333333333 0.0265625 0.04583333333333333
3 0.2921875 0.828125 0.0875 0.13333333333333333
