3 0.798046875 0.8043175487465181 0.10703125 0.10167130919220056
3 0.83203125 0.7590529247910863 0.0921875 0.0947075208913649
3 0.953515625 0.8857938718662952 0.09140625 0.09749303621169916
3 0.544140625 0.674791086350975 0.05546875 0.06824512534818941
3 0.609765625 0.6615598885793872 0.05859375 0.04735376044568245
3 0.649609375 0.7270194986072424 0.07734375 0.08356545961002786
3 0.704296875 0.7103064066852368 0.08359375 0.0947075208913649
3 0.650390625 0.5118384401114207 0.04609375 0.0403899721448468
3 0.826953125 0.4672701949860724 0.03828125 0.034818941504178275
3 0.695703125 0.44637883008356544 0.03203125 0.02924791086350975
3 0.59765625 0.4777158774373259 0.04375 0.03899721448467967
3 0.5625 0.4763231197771588 0.0234375 0.03064066852367688
3 0.5296875 0.4672701949860724 0.0265625 0.026462395543175487
3 0.44609375 0.4958217270194986 0.0375 0.027855153203342618
3 0.4296875 0.48467966573816157 0.028125 0.04178272980501393
1 0.294921875 0.9658774373259053 0.02734375 0.06545961002785515
1 0.10859375 0.6775766016713092 0.0140625 0.05153203342618384
1 0.082421875 0.685933147632312 0.01328125 0.06267409470752089
