3 0.36640625 0.6071784646061814 0.053125 0.0518444666001994
3 0.133984375 0.5847457627118644 0.05234375 0.05284147557328016
3 0.5359375 0.6360917248255235 0.125 0.11365902293120637
3 0.796484375 0.6625124626121635 0.03671875 0.04287138584247258
3 0.75546875 0.6550348953140578 0.0375 0.0259222333000997
3 0.93359375 0.6739780658025922 0.0625 0.03988035892323031
3 0.909375 0.6650049850448654 0.0390625 0.04187437686939183
3 0.26796875 0.5872382851445663 0.0359375 0.03389830508474576
3 0.23046875 0.5902293120638086 0.0375 0.031904287138584245
3 0.196484375 0.5807577268195414 0.03203125 0.03090727816550349
