8 0.23984375 0.5847222222222223 0.1359375 0.09722222222222222
8 0.06796875 0.60625 0.1328125 0.12638888888888888
3 0.8328125 0.8055555555555556 0.3328125 0.3861111111111111
3 0.823828125 0.5791666666666667 0.17109375 0.25
3 0.48515625 0.5381944444444444 0.0546875 0.05138888888888889
3 0.44765625 0.5381944444444444 0.01875 0.0375
8 0.373046875 0.5125 0.06015625 0.05555555555555555
8 0.4703125 0.5013888888888889 0.115625 0.07777777777777778
3 0.555078125 0.5194444444444445 0.03671875 0.030555555555555555
1 0.43125 0.5506944444444445 0.0140625 0.05138888888888889
1 0.4171875 0.5527777777777778 0.0125 0.058333333333333334
1 0.7140625 0.6319444444444444 0.06875 0.14722222222222223
