3 0.724609375 0.5515743756786102 0.30390625 0.2280130293159609
1 0.512109375 0.4554831704668838 0.03671875 0.10314875135722042
3 0.837890625 0.5173724212812161 0.17578125 0.17046688382193267
1 0.351171875 0.6020629750271445 0.13359375 0.3246471226927253
3 0.23359375 0.4750271444082519 0.1265625 0.13355048859934854
4 0.417578125 0.5521172638436482 0.06484375 0.15960912052117263
2 0.355859375 0.738327904451683 0.10859375 0.26058631921824105
3 0.344140625 0.4576547231270358 0.07890625 0.11400651465798045
3 0.187109375 0.40879478827361565 0.05546875 0.07057546145494029
4 0.51328125 0.4793702497285559 0.03125 0.05754614549402823
1 0.42265625 0.4804560260586319 0.0625 0.1791530944625407
