3 0.31363636363636366 0.838047138047138 0.198989898989899 0.12996632996632998
3 0.5277777777777778 0.5673400673400674 0.07171717171717172 0.04107744107744108
3 0.36313131313131314 0.6515151515151515 0.11616161616161616 0.0734006734006734
3 0.025252525252525252 0.4952861952861953 0.04242424242424243 0.026262626262626262
3 0.019696969696969695 0.4643097643097643 0.031313131313131314 0.020875420875420877
3 0.10353535353535354 0.4734006734006734 0.03535353535353535 0.01616161616161616
3 0.12525252525252525 0.48787878787878786 0.05454545454545454 0.02356902356902357
3 0.3707070707070707 0.468013468013468 0.03434343434343434 0.01616161616161616
3 0.32525252525252524 0.46060606060606063 0.03232323232323232 0.01616161616161616
3 0.7121212121212122 0.467003367003367 0.030303030303030304 0.016835016835016835
3 0.7505050505050505 0.45185185185185184 0.022222222222222223 0.010774410774410775
3 0.5641414141414142 0.4531986531986532 0.021212121212121213 0.010774410774410775
3 0.5126262626262627 0.43602693602693604 0.01919191919191919 0.010101010101010102
3 0.15707070707070708 0.43905723905723903 0.031313131313131314 0.012121212121212121
3 0.18838383838383838 0.44006734006734005 0.02727272727272727 0.010101010101010102
3 0.13383838383838384 0.43703703703703706 0.029292929292929294 0.012121212121212121
