3 0.274609375 0.5521172638436482 0.30234375 0.22041259500542887
3 0.16171875 0.511400651465798 0.175 0.15852334419109662
1 0.64453125 0.6107491856677525 0.134375 0.35939196525515743
1 0.487109375 0.4560260586319218 0.03671875 0.10423452768729642
3 0.76640625 0.4744842562432139 0.1234375 0.1281216069489685
2 0.645703125 0.7334419109663409 0.11015625 0.2725298588490771
1 0.57890625 0.4782844733984799 0.0578125 0.16612377850162866
3 0.657421875 0.4554831704668838 0.07890625 0.10749185667752444
3 0.81015625 0.41368078175895767 0.0546875 0.0738327904451683
4 0.48671875 0.48588490770901194 0.0328125 0.05537459283387622
4 0.5765625 0.5439739413680782 0.0703125 0.16938110749185667
