3 0.06328125 0.8886255924170616 0.1046875 0.09004739336492891
3 0.645703125 0.794431279620853 0.05859375 0.07227488151658767
3 0.215625 0.6824644549763034 0.046875 0.04739336492890995
3 0.597265625 0.715047393364929 0.04296875 0.0533175355450237
3 0.8890625 0.7091232227488151 0.0453125 0.06279620853080568
3 0.775 0.7286729857819905 0.0421875 0.052132701421800945
3 0.21640625 0.7754739336492891 0.0828125 0.09834123222748815
3 0.353515625 0.67239336492891 0.04765625 0.058056872037914695
6 0.16484375 0.6285545023696683 0.084375 0.10781990521327015
3 0.63671875 0.669431279620853 0.0328125 0.04265402843601896
3 0.287109375 0.6232227488151659 0.03046875 0.02843601895734597
3 0.3453125 0.6279620853080569 0.0328125 0.026066350710900472
3 0.419921875 0.6214454976303317 0.02109375 0.02962085308056872
3 0.442578125 0.6356635071090048 0.03046875 0.02962085308056872
3 0.407421875 0.5971563981042654 0.01640625 0.023696682464454975
3 0.394140625 0.5882701421800948 0.01328125 0.022511848341232227
3 0.364453125 0.5995260663507109 0.02421875 0.026066350710900472
3 0.437109375 0.5770142180094787 0.02109375 0.023696682464454975
3 0.4859375 0.5710900473933649 0.0203125 0.02843601895734597
3 0.8546875 0.6119668246445498 0.0203125 0.03909952606635071
3 0.80703125 0.6066350710900474 0.01875 0.02132701421800948
3 0.77109375 0.639218009478673 0.0296875 0.03672985781990521
3 0.72421875 0.6244075829383886 0.0234375 0.02843601895734597
3 0.7078125 0.5817535545023697 0.01875 0.02132701421800948
3 0.990234375 0.6504739336492891 0.01328125 0.04265402843601896
3 0.982421875 0.6125592417061612 0.02734375 0.03317535545023697
3 0.9234375 0.6042654028436019 0.025 0.02843601895734597
3 0.902734375 0.5847156398104265 0.01953125 0.015402843601895734
3 0.892578125 0.5734597156398105 0.01015625 0.016587677725118485
3 0.88046875 0.5604265402843602 0.0140625 0.018957345971563982
3 0.854296875 0.5651658767772512 0.01640625 0.018957345971563982
3 0.827734375 0.5527251184834123 0.01484375 0.02014218009478673
3 0.805859375 0.568127962085308 0.01484375 0.015402843601895734
3 0.75 0.5633886255924171 0.0140625 0.017772511848341232
3 0.771875 0.5959715639810427 0.028125 0.037914691943127965
3 0.102734375 0.5515402843601895 0.01796875 0.024881516587677725
3 0.55390625 0.5704976303317536 0.01875 0.027251184834123223
3 0.54296875 0.5912322274881516 0.0140625 0.035545023696682464
3 0.584765625 0.5704976303317536 0.01328125 0.02014218009478673
3 0.60625 0.5740521327014217 0.0140625 0.015402843601895734
3 0.505078125 0.5545023696682464 0.01015625 0.035545023696682464
