3 0.536328125 0.742672919109027 0.05390625 0.08089097303634232
3 0.05859375 0.6781946072684643 0.0515625 0.05509964830011723
3 0.408984375 0.8300117233294255 0.06171875 0.07737397420867527
3 0.1578125 0.6840562719812426 0.0609375 0.06213364595545135
8 0.30625 0.8745603751465416 0.0953125 0.14302461899179367
3 0.605859375 0.7930832356389215 0.05859375 0.09495896834701055
3 0.3625 0.6981242672919109 0.0484375 0.05509964830011723
3 0.2078125 0.8423212192262602 0.08125 0.08792497069167643
8 0.422265625 0.6283704572098476 0.03671875 0.05158264947245018
8 0.591015625 0.5504103165298945 0.01796875 0.038686987104337635
3 0.21015625 0.6225087924970691 0.028125 0.035169988276670575
3 0.283984375 0.6101992966002344 0.03203125 0.03399765533411489
3 0.3703125 0.6189917936694022 0.028125 0.035169988276670575
3 0.387109375 0.5803048065650644 0.02265625 0.021101992966002344
3 0.4671875 0.6729191090269636 0.0359375 0.044548651817116064
3 0.49296875 0.6207502930832356 0.0234375 0.041031652989449004
3 0.51328125 0.6031652989449003 0.015625 0.026963657678780773
3 0.54296875 0.6459554513481829 0.028125 0.03751465416178194
3 0.55703125 0.6154747948417351 0.0203125 0.03048065650644783
3 0.47265625 0.6066822977725674 0.025 0.029308323563892145
3 0.432421875 0.5615474794841735 0.01953125 0.021101992966002344
3 0.469921875 0.5580304806565064 0.01484375 0.01875732708089097
3 0.5421875 0.5779601406799532 0.01875 0.02579132473622509
