3 0.38671875 0.8075117370892019 0.065625 0.07981220657276995
3 0.370703125 0.7206572769953051 0.05078125 0.05868544600938967
3 0.3453125 0.630868544600939 0.0359375 0.04342723004694836
3 0.358203125 0.5534037558685446 0.02734375 0.029342723004694836
3 0.34765625 0.5252347417840375 0.01875 0.02464788732394366
3 0.303125 0.5146713615023474 0.0234375 0.02699530516431925
3 0.341796875 0.49061032863849763 0.01796875 0.035211267605633804
3 0.372265625 0.4753521126760563 0.01171875 0.018779342723004695
3 0.183203125 0.41725352112676056 0.02265625 0.02464788732394366
3 0.15390625 0.4213615023474178 0.025 0.01643192488262911
