3 0.366796875 0.6071784646061814 0.05390625 0.0518444666001994
3 0.133984375 0.5852442671984048 0.05234375 0.0518444666001994
3 0.536328125 0.6360917248255235 0.12578125 0.11365902293120637
3 0.197265625 0.5767696909272183 0.03515625 0.038883349950149554
3 0.23125 0.5837487537387837 0.034375 0.036889332003988036
3 0.269140625 0.5887337986041874 0.03828125 0.03090727816550349
3 0.7953125 0.6610169491525424 0.0375 0.03788634097706879
3 0.934375 0.6734795613160518 0.059375 0.054835493519441676
3 0.908984375 0.6669990029910269 0.03203125 0.0518444666001994
3 0.75859375 0.6490528414755733 0.034375 0.027916251246261216
