3 0.732421875 0.5729166666666666 0.05390625 0.0875
3 0.5671875 0.6152777777777778 0.15625 0.20277777777777778
3 0.41015625 0.5736111111111111 0.1 0.11388888888888889
3 0.667578125 0.5826388888888889 0.04453125 0.0625
3 0.215234375 0.6104166666666667 0.10078125 0.09027777777777778
3 0.294921875 0.5895833333333333 0.06796875 0.09583333333333334
8 0.91796875 0.5729166666666666 0.05625 0.11527777777777778
8 0.8234375 0.575 0.0765625 0.125
1 0.028515625 0.61875 0.04296875 0.15138888888888888
1 0.159375 0.6152777777777778 0.025 0.16666666666666666
1 0.142578125 0.6159722222222223 0.04921875 0.15416666666666667
1 0.440625 0.5993055555555555 0.028125 0.1486111111111111
1 0.8265625 0.6013888888888889 0.0296875 0.15555555555555556
