3 0.90625 0.8267776096822995 0.18125 0.28290468986384265
3 0.261328125 0.7049924357034796 0.03203125 0.11497730711043873
3 0.31484375 0.737518910741301 0.1 0.17700453857791226
3 0.371875 0.7360060514372163 0.0328125 0.17095310136157338
3 0.766015625 0.7602118003025718 0.12109375 0.2617246596066566
3 0.976953125 0.8782148260211801 0.04140625 0.22844175491679275
3 0.621484375 0.735249621785174 0.07265625 0.17549167927382753
4 0.171875 0.7798789712556732 0.0515625 0.1346444780635401
4 0.641015625 0.7866868381240545 0.03984375 0.08169440242057488
4 0.12734375 0.7518910741301059 0.0328125 0.13010590015128592
3 0.075390625 0.7186081694402421 0.08984375 0.22087745839636913
1 0.0703125 0.8048411497730711 0.06875 0.3751891074130106
1 0.021875 0.7125567322239031 0.0359375 0.2027231467473525
1 0.64921875 0.7360060514372163 0.034375 0.14674735249621784
1 0.124609375 0.7027231467473525 0.03046875 0.12859304084720122
1 0.175390625 0.7193645990922845 0.04453125 0.18608169440242056
