3 0.546875 0.7148541114058355 0.0875 0.09814323607427056
3 0.6359375 0.6836870026525199 0.05 0.05968169761273209
8 0.79921875 0.6359416445623343 0.1 0.17108753315649866
3 0.4453125 0.696949602122016 0.071875 0.11538461538461539
3 0.495703125 0.6797082228116711 0.03671875 0.0649867374005305
3 0.382421875 0.6571618037135278 0.02109375 0.033156498673740056
3 0.587109375 0.6783819628647215 0.02890625 0.04376657824933687
8 0.559375 0.6492042440318302 0.0375 0.0623342175066313
8 0.487109375 0.6213527851458885 0.03671875 0.07294429708222812
8 0.330859375 0.6631299734748011 0.02578125 0.05570291777188329
