3 0.21953125 0.5416666666666666 0.4359375 0.4444444444444444
3 0.466015625 0.41805555555555557 0.09140625 0.09722222222222222
3 0.533984375 0.4798611111111111 0.08984375 0.17916666666666667
3 0.44375 0.5722222222222222 0.1109375 0.3194444444444444
1 0.633203125 0.6430555555555556 0.09765625 0.675
1 0.773828125 0.61875 0.13046875 0.6652777777777777
1 0.89296875 0.4652777777777778 0.0578125 0.25
1 0.967578125 0.4583333333333333 0.04453125 0.25833333333333336
1 0.929296875 0.4270833333333333 0.03984375 0.20416666666666666
1 0.84921875 0.3993055555555556 0.040625 0.11527777777777778
