3 0.5375 0.5751748251748252 0.1234375 0.2062937062937063
3 0.87734375 0.16958041958041958 0.0921875 0.16433566433566432
3 0.168359375 0.3723776223776224 0.11015625 0.15384615384615385
3 0.912109375 0.8304195804195804 0.15234375 0.2902097902097902
3 0.838671875 0.09090909090909091 0.08671875 0.12937062937062938
3 0.35625 0.3741258741258741 0.103125 0.14335664335664336
3 0.11640625 0.5314685314685315 0.121875 0.16083916083916083
3 0.1125 0.6381118881118881 0.1234375 0.2097902097902098
3 0.9484375 0.32517482517482516 0.1015625 0.24125874125874125
3 0.3078125 0.6346153846153846 0.1421875 0.22727272727272727
3 0.063671875 0.7325174825174825 0.12578125 0.24475524475524477
3 0.340234375 0.46153846153846156 0.10234375 0.10839160839160839
3 0.708984375 0.6048951048951049 0.20546875 0.3321678321678322
3 0.229296875 0.29895104895104896 0.09296875 0.14335664335664336
3 0.28515625 0.8662587412587412 0.1875 0.256993006993007
3 0.453125 0.43094405594405594 0.875 0.8513986013986014
3 0.59453125 0.8924825174825175 0.1625 0.20804195804195805
3 0.541796875 0.7272727272727273 0.12421875 0.19230769230769232
3 0.166796875 0.48863636363636365 0.10234375 0.18706293706293706
3 0.32578125 0.7403846153846154 0.121875 0.1555944055944056
3 0.417578125 0.10314685314685315 0.08671875 0.14335664335664336
3 0.21796875 0.2403846153846154 0.08125 0.07517482517482517
3 0.403125 0.33653846153846156 0.084375 0.14160839160839161
3 0.57421875 0.1547202797202797 0.1046875 0.18006993006993008
3 0.55390625 0.07517482517482517 0.090625 0.11538461538461539
3 0.360546875 0.5769230769230769 0.11640625 0.24125874125874125
3 0.546484375 0.43006993006993005 0.13828125 0.22727272727272727
3 0.562109375 0.3173076923076923 0.11328125 0.1451048951048951
3 0.562890625 0.2517482517482518 0.11015625 0.13286713286713286
3 0.403125 0.18444055944055945 0.0828125 0.07167832167832168
3 0.415234375 0.2692307692307692 0.08515625 0.13636363636363635
3 0.244140625 0.131993006993007 0.07421875 0.11013986013986014
3 0.2359375 0.16258741258741258 0.078125 0.08741258741258741
3 0.2234375 0.18444055944055945 0.078125 0.06118881118881119
3 0.9875 0.5157342657342657 0.0203125 0.1993006993006993
