3 0.250390625 0.4777628032345013 0.20078125 0.47035040431266845
3 0.782421875 0.18935309973045822 0.10390625 0.16307277628032346
3 0.587109375 0.2459568733153639 0.12734375 0.16576819407008087
3 0.3609375 0.21630727762803234 0.1875 0.1307277628032345
3 0.678125 0.2028301886792453 0.128125 0.1522911051212938
3 0.06875 0.4804582210242588 0.1234375 0.9204851752021563
3 0.1890625 0.5559299191374663 0.103125 0.5080862533692723
3 0.3578125 0.4858490566037736 0.090625 0.37331536388140163
3 0.4140625 0.4474393530997305 0.103125 0.30997304582210244
3 0.458984375 0.4076819407008086 0.08359375 0.3032345013477089
3 0.503515625 0.39892183288409705 0.04296875 0.24528301886792453
3 0.521484375 0.3504043126684636 0.04453125 0.23180592991913745
3 0.557421875 0.3436657681940701 0.03359375 0.1752021563342318
