3 0.290625 0.4423611111111111 0.0609375 0.08194444444444444
8 0.5171875 0.4423611111111111 0.1 0.1875
3 0.09296875 0.49236111111111114 0.0890625 0.11527777777777778
3 0.651171875 0.47708333333333336 0.07109375 0.11805555555555555
3 0.59140625 0.45416666666666666 0.059375 0.09722222222222222
3 0.379296875 0.5368055555555555 0.11796875 0.1875
3 0.4578125 0.5243055555555556 0.0609375 0.15694444444444444
3 0.501171875 0.5125 0.03828125 0.10277777777777777
3 0.340234375 0.42916666666666664 0.04921875 0.05555555555555555
1 0.9859375 0.5506944444444445 0.0265625 0.2013888888888889
