1 0.437890625 0.5584144645340751 0.13515625 0.3769123783031989
3 0.6375 0.5055632823365785 0.203125 0.2906815020862309
1 0.24765625 0.39777468706536856 0.0484375 0.13351877607788595
3 0.8921875 0.7072322670375522 0.2140625 0.5605006954102921
3 0.358203125 0.4040333796940195 0.08671875 0.13212795549374132
3 0.541015625 0.4144645340751043 0.05234375 0.10848400556328233
3 0.794921875 0.586230876216968 0.24453125 0.36300417246175243
3 0.483203125 0.3616133518776078 0.07734375 0.09457579972183588
3 0.382421875 0.3344923504867872 0.04609375 0.043115438108484005
3 0.25625 0.3623087621696801 0.078125 0.1043115438108484
1 0.937890625 0.39151599443671764 0.04140625 0.0737134909596662
1 0.14765625 0.32614742698191934 0.025 0.054242002781641166
3 0.066796875 0.46870653685674546 0.10859375 0.2614742698191933
3 0.133203125 0.4617524339360223 0.07734375 0.19193324061196107
3 0.1765625 0.45549374130737136 0.0546875 0.16828929068150209
