1 0.428515625 0.7709832134292566 0.12578125 0.434052757793765
3 0.64453125 0.5761390887290168 0.1015625 0.12829736211031176
3 0.27578125 0.6288968824940048 0.153125 0.2146282973621103
3 0.34921875 0.5893285371702638 0.09375 0.1618705035971223
3 0.473828125 0.5167865707434053 0.05546875 0.05755395683453238
3 0.355859375 0.5611510791366906 0.08984375 0.12470023980815348
3 0.415234375 0.5587529976019184 0.01953125 0.09112709832134293
3 0.452734375 0.5389688249400479 0.02890625 0.06354916067146282
3 0.598046875 0.5575539568345323 0.02421875 0.07913669064748201
3 0.5875 0.5347721822541966 0.015625 0.05275779376498801
