3 0.88125 0.6377491207502931 0.1640625 0.17819460726846426
3 0.8109375 0.597303634232122 0.1578125 0.17233294255568582
3 0.116015625 0.5967174677608441 0.20234375 0.24150058616647127
1 0.411328125 0.6828839390386869 0.10546875 0.4114888628370457
3 0.68671875 0.5744431418522861 0.1109375 0.11488862837045721
3 0.054296875 0.6705744431418523 0.10859375 0.26260257913247365
3 0.29453125 0.5726846424384525 0.0921875 0.11137162954279015
3 0.839453125 0.6184056271981243 0.14609375 0.1652989449003517
3 0.953515625 0.701641266119578 0.09140625 0.26143024618991795
3 0.482421875 0.5351699882766706 0.07109375 0.09261430246189918
3 0.347265625 0.5427901524032825 0.04609375 0.08440797186400938
3 0.210546875 0.5908558030480656 0.04921875 0.17584994138335286
3 0.2515625 0.5855803048065651 0.046875 0.13012895662368112
