3 0.632421875 0.5862470862470862 0.18984375 0.24242424242424243
3 0.259375 0.6107226107226107 0.225 0.26107226107226106
3 0.611328125 0.4632867132867133 0.16328125 0.11771561771561771
3 0.435546875 0.40384615384615385 0.13046875 0.12237762237762238
3 0.948046875 0.5442890442890443 0.09765625 0.1351981351981352
3 0.9 0.5413752913752914 0.0625 0.0780885780885781
3 0.899609375 0.4388111888111888 0.10703125 0.06876456876456877
3 0.826953125 0.4393939393939394 0.04296875 0.07925407925407925
3 0.806640625 0.3758741258741259 0.13359375 0.08974358974358974
3 0.63984375 0.3916083916083916 0.1921875 0.07925407925407925
