3 0.283203125 0.6715277777777777 0.32109375 0.29583333333333334
1 0.5125 0.6506944444444445 0.1 0.3402777777777778
7 0.3578125 0.5180555555555556 0.2484375 0.5277777777777778
3 0.6015625 0.61875 0.040625 0.10416666666666667
3 0.634765625 0.6375 0.02578125 0.125
3 0.7140625 0.5958333333333333 0.115625 0.28888888888888886
3 0.79609375 0.6402777777777777 0.0375 0.14444444444444443
3 0.886328125 0.6243055555555556 0.10859375 0.20972222222222223
3 0.976171875 0.6451388888888889 0.03984375 0.1763888888888889
1 0.2 0.6368055555555555 0.065625 0.29305555555555557
1 0.87578125 0.6583333333333333 0.065625 0.325
1 0.687890625 0.6423611111111112 0.10546875 0.3236111111111111
