3 0.12421875 0.6169965075669382 0.2484375 0.2351571594877765
3 0.67265625 0.5320139697322468 0.140625 0.13969732246798602
3 0.150390625 0.4575087310826543 0.14140625 0.11175785797438882
3 0.320703125 0.7508731082654249 0.39609375 0.370197904540163
3 0.31484375 0.5349243306169965 0.1859375 0.0919674039580908
8 0.675390625 0.36554132712456344 0.10390625 0.16763678696158324
3 0.3203125 0.4150174621653085 0.075 0.06868451688009314
3 0.765625 0.43247962747380675 0.1015625 0.14318975552968569
3 0.444921875 0.4551804423748545 0.17578125 0.10942956926658906
3 0.5390625 0.34342258440046564 0.05 0.05355064027939464
3 0.373828125 0.44062863795110596 0.12578125 0.0919674039580908
3 0.916796875 0.29743888242142025 0.03984375 0.03841676367869616
3 0.6046875 0.330034924330617 0.04375 0.05238649592549476
3 0.772265625 0.33352735739231665 0.08515625 0.0640279394644936
