3 0.8765625 0.7929782082324455 0.2234375 0.26150121065375304
3 0.15703125 0.8286924939467313 0.26875 0.3305084745762712
3 0.37421875 0.6458837772397095 0.1296875 0.17796610169491525
3 0.759375 0.585956416464891 0.1265625 0.1791767554479419
3 0.41328125 0.5853510895883777 0.1203125 0.1513317191283293
3 0.728515625 0.4933414043583535 0.08671875 0.09079903147699758
3 0.553515625 0.4134382566585956 0.05234375 0.07384987893462469
3 0.79453125 0.6785714285714286 0.1484375 0.21670702179176757
3 0.47421875 0.5272397094430993 0.071875 0.1053268765133172
3 0.521484375 0.43341404358353514 0.06328125 0.06779661016949153
3 0.28984375 0.7100484261501211 0.165625 0.22397094430992737
3 0.5046875 0.48789346246973364 0.0796875 0.10653753026634383
3 0.566796875 0.3601694915254237 0.04609375 0.05690072639225181
3 0.70234375 0.4219128329297821 0.0796875 0.09806295399515738
3 0.579296875 0.32324455205811137 0.03984375 0.0387409200968523
3 0.595703125 0.3069007263922518 0.02890625 0.044794188861985475
3 0.601953125 0.2717917675544794 0.02890625 0.039951573849878935
3 0.71015625 0.29116222760290555 0.028125 0.03753026634382567
3 0.66953125 0.3268765133171913 0.0171875 0.03389830508474576
3 0.6984375 0.3432203389830508 0.034375 0.035108958837772396
1 0.254296875 0.5 0.02578125 0.11380145278450363
3 0.790625 0.3837772397094431 0.078125 0.12106537530266344
