3 0.16484375 0.8354166666666667 0.2015625 0.3013888888888889
3 0.6515625 0.8770833333333333 0.1765625 0.2375
3 0.933984375 0.8479166666666667 0.13046875 0.29305555555555557
3 0.5890625 0.41944444444444445 0.1125 0.1527777777777778
3 0.65 0.6673611111111111 0.1484375 0.2013888888888889
3 0.790234375 0.4076388888888889 0.11953125 0.15694444444444444
3 0.6140625 0.5423611111111111 0.125 0.15138888888888888
3 0.900390625 0.7229166666666667 0.16171875 0.23472222222222222
3 0.244140625 0.5833333333333334 0.15390625 0.2722222222222222
3 0.952734375 0.3659722222222222 0.08203125 0.14305555555555555
3 0.117578125 0.4013888888888889 0.12890625 0.19444444444444445
3 0.838671875 0.5055555555555555 0.14921875 0.2222222222222222
3 0.06328125 0.5395833333333333 0.1203125 0.15138888888888888
3 0.919140625 0.7958333333333333 0.13828125 0.25833333333333336
3 0.579296875 0.29444444444444445 0.09140625 0.125
3 0.3875 0.2569444444444444 0.0734375 0.125
3 0.885546875 0.30069444444444443 0.10703125 0.1597222222222222
3 0.1796875 0.3298611111111111 0.0828125 0.12916666666666668
3 0.0375 0.6368055555555555 0.075 0.24027777777777778
3 0.74453125 0.3368055555555556 0.1078125 0.15694444444444444
3 0.96953125 0.39444444444444443 0.0421875 0.19444444444444445
3 0.83984375 0.24027777777777778 0.0609375 0.08888888888888889
3 0.819140625 0.20347222222222222 0.05546875 0.09583333333333334
3 0.68984375 0.2923611111111111 0.03125 0.14027777777777778
3 0.660546875 0.2534722222222222 0.02734375 0.07916666666666666
3 0.62421875 0.20555555555555555 0.053125 0.07222222222222222
3 0.547265625 0.24166666666666667 0.05859375 0.06666666666666667
3 0.491796875 0.17083333333333334 0.04609375 0.08611111111111111
3 0.33671875 0.3229166666666667 0.0859375 0.12638888888888888
3 0.30625 0.43125 0.11875 0.19583333333333333
3 0.047265625 0.2701388888888889 0.05859375 0.10138888888888889
3 0.065625 0.23472222222222222 0.06875 0.1
3 0.115234375 0.22083333333333333 0.03046875 0.09722222222222222
3 0.2890625 0.21944444444444444 0.05625 0.08333333333333333
3 0.3171875 0.23333333333333334 0.0578125 0.06111111111111111
3 0.946484375 0.20972222222222223 0.05390625 0.08333333333333333
8 0.7921875 0.17291666666666666 0.071875 0.15416666666666667
8 0.183203125 0.2048611111111111 0.11640625 0.2708333333333333
8 0.095703125 0.18819444444444444 0.06796875 0.18194444444444444
8 0.6265625 0.15416666666666667 0.05625 0.10555555555555556
8 0.675390625 0.14305555555555555 0.05390625 0.1111111111111111
8 0.315234375 0.10694444444444444 0.06796875 0.10833333333333334
8 0.24375 0.14722222222222223 0.0453125 0.18888888888888888
3 0.509765625 0.17777777777777778 0.04765625 0.075
3 0.51328125 0.20972222222222223 0.0171875 0.07777777777777778
3 0.58203125 0.17291666666666666 0.0328125 0.04861111111111111
3 0.247265625 0.2013888888888889 0.02265625 0.075
