3 0.62578125 0.507496251874063 0.1484375 0.20539730134932535
3 0.35078125 0.603448275862069 0.2234375 0.3793103448275862
3 0.925 0.4497751124437781 0.140625 0.21889055472263869
3 0.503515625 0.4370314842578711 0.08203125 0.12143928035982009
3 0.84296875 0.41529235382308843 0.0703125 0.1679160419790105
3 0.612109375 0.3403298350824588 0.06953125 0.10194902548725637
3 0.5390625 0.33808095952023987 0.075 0.0944527736131934
3 0.379296875 0.3613193403298351 0.07734375 0.10494752623688156
3 0.389453125 0.3020989505247376 0.06328125 0.08845577211394302
3 0.408203125 0.27361319340329837 0.13203125 0.12443778110944528
3 0.371875 0.1911544227886057 0.0546875 0.05547226386806597
3 0.58046875 0.2436281859070465 0.071875 0.07946026986506746
