3 0.574609375 0.5395833333333333 0.19921875 0.26805555555555555
3 0.3390625 0.7236111111111111 0.2546875 0.37222222222222223
3 0.208984375 0.18541666666666667 0.08203125 0.10138888888888889
3 0.34453125 0.1388888888888889 0.065625 0.09722222222222222
3 0.243359375 0.2916666666666667 0.11796875 0.12222222222222222
3 0.290234375 0.5604166666666667 0.17890625 0.2652777777777778
3 0.2546875 0.4840277777777778 0.1359375 0.2152777777777778
3 0.240234375 0.40625 0.12421875 0.17083333333333334
1 0.13984375 0.14583333333333334 0.0265625 0.1111111111111111
1 0.671875 0.3784722222222222 0.0234375 0.14305555555555555
