3 0.472265625 0.5409604519774012 0.21328125 0.4943502824858757
3 0.712109375 0.4604519774011299 0.20234375 0.3644067796610169
3 0.821484375 0.4322033898305085 0.15703125 0.327683615819209
3 0.56953125 0.501412429378531 0.234375 0.4576271186440678
3 0.873046875 0.403954802259887 0.12109375 0.3220338983050847
3 0.76015625 0.4357344632768362 0.2265625 0.3488700564971751
3 0.896484375 0.3686440677966102 0.14453125 0.3192090395480226
3 0.212109375 0.5296610169491526 0.41953125 0.7966101694915254
3 0.545703125 0.20127118644067796 0.10546875 0.13983050847457626
3 0.44609375 0.2055084745762712 0.0984375 0.1370056497175141
3 0.37890625 0.1885593220338983 0.0515625 0.11440677966101695
3 0.757421875 0.2323446327683616 0.17890625 0.09463276836158192
