1 0.223828125 0.7344665885111371 0.11015625 0.3716295427901524
3 0.524609375 0.7409144196951934 0.26328125 0.4220398593200469
3 0.315625 0.5715123094958968 0.15625 0.21453692848769051
3 0.116015625 0.541031652989449 0.17109375 0.18405627198124266
3 0.89921875 0.805978898007034 0.2 0.34114888628370454
3 0.59765625 0.5246189917936694 0.109375 0.1652989449003517
3 0.25625 0.45720984759671746 0.078125 0.1336459554513482
3 0.1640625 0.4765533411488863 0.1328125 0.15123094958968347
8 0.7875 0.5580304806565064 0.2078125 0.37749120750293086
3 0.69296875 0.7256740914419695 0.125 0.31887456037514655
3 0.503515625 0.4912075029308324 0.10859375 0.09613130128956623
3 0.41484375 0.46658851113716293 0.028125 0.11488862837045721
3 0.332421875 0.46248534583821804 0.10546875 0.11137162954279015
3 0.147265625 0.3669402110199297 0.08046875 0.0914419695193435
