3 0.632421875 0.5862470862470862 0.18984375 0.24242424242424243
3 0.259375 0.6107226107226107 0.225 0.26107226107226106
3 0.614453125 0.458041958041958 0.16328125 0.1258741258741259
3 0.95078125 0.5617715617715617 0.0921875 0.12354312354312354
3 0.893359375 0.5466200466200466 0.06171875 0.08624708624708624
3 0.905859375 0.44114219114219116 0.14140625 0.08508158508158509
3 0.826171875 0.44405594405594406 0.04765625 0.09324009324009325
3 0.803125 0.3787878787878788 0.11875 0.08391608391608392
3 0.629296875 0.40093240093240096 0.21015625 0.09324009324009325
3 0.448046875 0.4026806526806527 0.11015625 0.11538461538461539
