3 0.448046875 0.5015625 0.12578125 0.0875
3 0.708203125 0.490625 0.13984375 0.0875
3 0.326171875 0.512890625 0.11015625 0.08828125
1 0.203125 0.50546875 0.0359375 0.0984375
1 0.248828125 0.5046875 0.03671875 0.096875
3 0.5640625 0.4921875 0.109375 0.084375
1 0.852734375 0.54921875 0.09609375 0.2015625
3 0.891015625 0.536328125 0.19453125 0.20546875
3 0.6078125 0.475 0.05625 0.0875
3 0.355859375 0.452734375 0.06015625 0.05546875
3 0.175 0.4328125 0.0515625 0.0359375
3 0.08828125 0.52734375 0.1703125 0.1921875
1 0.367578125 0.466796875 0.03671875 0.03984375
