3 0.24296875 0.9276905829596412 0.1359375 0.12443946188340807
3 0.487109375 0.8643497757847534 0.11953125 0.11434977578475336
3 0.62578125 0.6827354260089686 0.0765625 0.08295964125560538
3 0.101953125 0.5515695067264574 0.10234375 0.08071748878923767
3 0.15 0.8004484304932735 0.13125 0.11210762331838565
3 0.28515625 0.6872197309417041 0.1015625 0.09417040358744394
3 0.557421875 0.7724215246636771 0.08671875 0.09192825112107623
3 0.023046875 0.5868834080717489 0.04609375 0.07062780269058296
3 0.660546875 0.617152466367713 0.06015625 0.06838565022421525
3 0.47265625 0.9702914798206278 0.11875 0.05717488789237668
3 0.103125 0.9103139013452914 0.153125 0.12780269058295965
3 0.22890625 0.8234304932735426 0.11875 0.09753363228699552
3 0.530859375 0.6653587443946188 0.08671875 0.08632286995515695
3 0.027734375 0.4938340807174888 0.05078125 0.06614349775784753
3 0.370703125 0.8139013452914798 0.09765625 0.08968609865470852
3 0.35625 0.7253363228699552 0.0984375 0.08520179372197309
3 0.3734375 0.6238789237668162 0.0828125 0.06614349775784753
3 0.44609375 0.5616591928251121 0.0796875 0.06053811659192825
3 0.453515625 0.6272421524663677 0.07734375 0.0773542600896861
3 0.476953125 0.7286995515695067 0.06796875 0.11659192825112108
3 0.518359375 0.5633408071748879 0.06171875 0.07062780269058296
3 0.597265625 0.5919282511210763 0.06015625 0.06278026905829596
3 0.642578125 0.5364349775784754 0.05546875 0.06838565022421525
3 0.73671875 0.5319506726457399 0.059375 0.07062780269058296
3 0.775390625 0.47701793721973096 0.04609375 0.052690582959641255
3 0.807421875 0.43385650224215244 0.04765625 0.06053811659192825
3 0.833984375 0.3873318385650224 0.03984375 0.04820627802690583
3 0.75390625 0.3951793721973094 0.0484375 0.04596412556053812
3 0.71875 0.44786995515695066 0.0640625 0.06614349775784753
3 0.62890625 0.47141255605381166 0.0640625 0.043721973094170405
3 0.572265625 0.5213004484304933 0.06328125 0.053811659192825115
3 0.52265625 0.48878923766816146 0.065625 0.042600896860986545
3 0.5796875 0.4405829596412556 0.05625 0.04708520179372197
3 0.629296875 0.3895739910313901 0.05859375 0.052690582959641255
3 0.67109375 0.3486547085201794 0.0484375 0.04932735426008968
3 0.712890625 0.3066143497757848 0.04609375 0.043721973094170405
3 0.763671875 0.3189461883408072 0.03984375 0.04820627802690583
3 0.80390625 0.33183856502242154 0.0390625 0.04708520179372197
3 0.829296875 0.3054932735426009 0.03203125 0.04147982062780269
3 0.78125 0.28139013452914796 0.0328125 0.03139013452914798
3 0.767578125 0.25448430493273544 0.03828125 0.033632286995515695
3 0.795703125 0.23318385650224216 0.03203125 0.04035874439461883
3 0.821484375 0.2023542600896861 0.03046875 0.030269058295964126
3 0.890625 0.31670403587443946 0.0328125 0.052690582959641255
3 0.907421875 0.2802690582959641 0.03046875 0.04708520179372197
3 0.8515625 0.27802690582959644 0.0296875 0.04484304932735426
3 0.93125 0.2595291479820628 0.028125 0.03923766816143498
3 0.911328125 0.22141255605381166 0.01796875 0.034753363228699555
3 0.891796875 0.22926008968609865 0.01953125 0.0257847533632287
3 0.86171875 0.21524663677130046 0.0234375 0.03139013452914798
3 0.9515625 0.22757847533632286 0.021875 0.033632286995515695
3 0.936328125 0.18497757847533633 0.02421875 0.02242152466367713
3 0.907421875 0.1367713004484305 0.02421875 0.03139013452914798
