3 0.596484375 0.8734567901234568 0.12890625 0.18641975308641975
3 0.164453125 0.5987654320987654 0.09140625 0.1308641975308642
3 0.62265625 0.7401234567901235 0.1171875 0.1962962962962963
3 0.21796875 0.558641975308642 0.0640625 0.1
3 0.242578125 0.49320987654320986 0.07421875 0.08024691358024691
3 0.279296875 0.43950617283950616 0.06171875 0.0691358024691358
3 0.312890625 0.4049382716049383 0.05859375 0.0691358024691358
3 0.614453125 0.6296296296296297 0.11484375 0.0962962962962963
3 0.618359375 0.5154320987654321 0.09140625 0.10493827160493827
3 0.59375 0.4685185185185185 0.0671875 0.08765432098765433
3 0.60390625 0.38395061728395063 0.075 0.07407407407407407
3 0.56953125 0.29506172839506173 0.0515625 0.04691358024691358
3 0.3609375 0.34814814814814815 0.0265625 0.07407407407407407
8 0.334375 0.7061728395061728 0.1546875 0.30864197530864196
8 0.426953125 0.49506172839506174 0.11484375 0.24691358024691357
8 0.471484375 0.3765432098765432 0.07578125 0.19753086419753085
3 0.4484375 0.21481481481481482 0.0390625 0.04938271604938271
3 0.526953125 0.337037037037037 0.03046875 0.06419753086419754
3 0.874609375 0.31851851851851853 0.05234375 0.05925925925925926
3 0.80234375 0.2302469135802469 0.0484375 0.05555555555555555
3 0.87421875 0.21666666666666667 0.040625 0.04814814814814815
3 0.4765625 0.15246913580246912 0.0328125 0.040740740740740744
8 0.40625 0.30987654320987656 0.0609375 0.1654320987654321
3 0.57734375 0.20864197530864198 0.0359375 0.044444444444444446
3 0.517578125 0.25679012345679014 0.03984375 0.04691358024691358
3 0.6109375 0.32222222222222224 0.0546875 0.044444444444444446
3 0.588671875 0.24074074074074073 0.04453125 0.03950617283950617
