3 0.840234375 0.3522012578616352 0.13671875 0.2861635220125786
3 0.505078125 0.20361635220125787 0.09453125 0.1619496855345912
3 0.413671875 0.21462264150943397 0.08671875 0.14622641509433962
3 0.3453125 0.1988993710691824 0.046875 0.12735849056603774
3 0.700390625 0.24056603773584906 0.15859375 0.11006289308176101
3 0.832421875 0.4378930817610063 0.06171875 0.2562893081761006
3 0.77578125 0.46462264150943394 0.084375 0.35691823899371067
3 0.67890625 0.5031446540880503 0.0921875 0.3805031446540881
3 0.423828125 0.5455974842767296 0.19296875 0.5345911949685535
3 0.53203125 0.5172955974842768 0.190625 0.4748427672955975
3 0.830859375 0.14150943396226415 0.11484375 0.09748427672955975
3 0.19375 0.5589622641509434 0.3859375 0.8443396226415094
