3 0.09140625 0.5886524822695035 0.1734375 0.8037825059101655
3 0.157421875 0.24231678486997635 0.26015625 0.35697399527186763
3 0.315625 0.22635933806146571 0.1140625 0.24468085106382978
3 0.455859375 0.4739952718676123 0.35546875 0.5224586288416075
3 0.6234375 0.39066193853427894 0.159375 0.38416075650118203
3 0.71171875 0.3752955082742317 0.1203125 0.32505910165484636
3 0.786328125 0.34810874704491723 0.08828125 0.2706855791962175
3 0.80703125 0.30260047281323876 0.1375 0.34515366430260047
3 0.91171875 0.374113475177305 0.0734375 0.18321513002364065
3 0.93359375 0.6566193853427896 0.1203125 0.5283687943262412
