3 0.05859375 0.809495896834701 0.0875 0.10902696365767878
3 0.935546875 0.8821805392731535 0.12265625 0.14654161781946073
3 0.760546875 0.9167643610785463 0.12890625 0.14302461899179367
3 0.791796875 0.7790152403282532 0.08359375 0.10199296600234467
3 0.90625 0.6711606096131302 0.0828125 0.08089097303634232
3 0.240234375 0.7690504103165299 0.08046875 0.10550996483001172
3 0.337890625 0.9126611957796014 0.11015625 0.14419695193434937
3 0.79765625 0.7116060961313013 0.0890625 0.09378663540445487
3 0.349609375 0.6647127784290738 0.07265625 0.10550996483001172
3 0.27109375 0.5416178194607268 0.053125 0.07502930832356389
3 0.571875 0.6735052754982415 0.071875 0.07151230949589683
3 0.6875 0.6694021101992966 0.071875 0.0984759671746776
3 0.230859375 0.49531066822977726 0.04296875 0.05041031652989449
3 0.109765625 0.7033997655334114 0.07109375 0.0914419695193435
3 0.049609375 0.5052754982415005 0.05078125 0.06565064478311841
3 0.74453125 0.570926143024619 0.0515625 0.053927315357561546
3 0.705078125 0.6031652989449003 0.05546875 0.05744431418522861
3 0.61875 0.6078546307151231 0.0609375 0.059788980070339975
3 0.5734375 0.5586166471277842 0.0515625 0.04806565064478312
3 0.53203125 0.5275498241500586 0.0421875 0.04689331770222743
3 0.569140625 0.48417350527549824 0.04609375 0.0492379835873388
3 0.6625 0.4525205158264947 0.0375 0.04689331770222743
3 0.68828125 0.38686987104337633 0.0265625 0.02813599062133646
3 0.483984375 0.5638921453692849 0.04296875 0.05861664712778429
3 0.523828125 0.6143024618991794 0.06171875 0.06330597889800703
3 0.463671875 0.541031652989449 0.03984375 0.05041031652989449
3 0.396484375 0.4601406799531067 0.02890625 0.041031652989449004
3 0.428125 0.4114888628370457 0.03125 0.035169988276670575
3 0.516015625 0.45603751465416176 0.03359375 0.035169988276670575
3 0.194140625 0.43024618991793667 0.02890625 0.035169988276670575
3 0.037890625 0.4466588511137163 0.03828125 0.035169988276670575
3 0.1203125 0.6524032825322391 0.059375 0.05744431418522861
3 0.241796875 0.2977725674091442 0.02890625 0.01875732708089097
3 0.209375 0.24970691676436108 0.021875 0.021101992966002344
3 0.207421875 0.23388042203985931 0.02109375 0.01992966002344666
3 0.2453125 0.23446658851113716 0.0171875 0.01875732708089097
3 0.277734375 0.24091441969519342 0.02265625 0.0246189917936694
3 0.7375 0.4232121922626026 0.0359375 0.032825322391559206
3 0.486328125 0.47889800703399765 0.02421875 0.026963657678780773
3 0.50546875 0.5011723329425557 0.0328125 0.04572098475967175
