3 0.876953125 0.84375 0.23203125 0.3
1 0.56796875 0.4953125 0.2796875 0.5427083333333333
1 0.72109375 0.22291666666666668 0.1328125 0.30833333333333335
1 0.2203125 0.7427083333333333 0.4265625 0.5041666666666667
3 0.901953125 0.5072916666666667 0.14140625 0.16041666666666668
3 0.90078125 0.3109375 0.1046875 0.11770833333333333
3 0.9171875 0.0734375 0.06875 0.08645833333333333
3 0.826171875 0.0734375 0.04921875 0.05520833333333333
3 0.812109375 0.14427083333333332 0.03046875 0.07604166666666666
3 0.7921875 0.18177083333333333 0.0265625 0.06770833333333333
