3 0.11015625 0.89375 0.2125 0.20972222222222223
3 0.471875 0.64375 0.1359375 0.2125
3 0.293359375 0.7895833333333333 0.14296875 0.2263888888888889
3 0.283984375 0.4423611111111111 0.10546875 0.13194444444444445
3 0.391796875 0.3236111111111111 0.11640625 0.09444444444444444
3 0.5 0.17291666666666666 0.0578125 0.07361111111111111
3 0.279296875 0.6520833333333333 0.12109375 0.1625
3 0.276171875 0.5451388888888888 0.15859375 0.1763888888888889
3 0.2859375 0.35208333333333336 0.1609375 0.13472222222222222
3 0.41484375 0.2638888888888889 0.05625 0.06944444444444445
3 0.390234375 0.22708333333333333 0.04765625 0.0625
3 0.284765625 0.2423611111111111 0.06640625 0.04027777777777778
3 0.279296875 0.12916666666666668 0.04765625 0.06111111111111111
3 0.279296875 0.18888888888888888 0.04921875 0.05
3 0.345703125 0.06319444444444444 0.02734375 0.0375
3 0.465625 0.15902777777777777 0.0203125 0.059722222222222225
3 0.503515625 0.11458333333333333 0.03203125 0.034722222222222224
3 0.484765625 0.08472222222222223 0.03515625 0.03611111111111111
3 0.6640625 0.4340277777777778 0.075 0.14583333333333334
3 0.65546875 0.3506944444444444 0.059375 0.07361111111111111
3 0.8421875 0.55 0.11875 0.18888888888888888
6 0.5375 0.3770833333333333 0.165625 0.31805555555555554
3 0.50625 0.95625 0.1734375 0.08472222222222223
