3 0.640234375 0.7953263497179693 0.14609375 0.12248186946011282
3 0.0671875 0.4282836422240129 0.059375 0.0717163577759871
3 0.49296875 0.7224012892828364 0.121875 0.1168412570507655
3 0.405078125 0.7788074133763094 0.12578125 0.11522965350523771
3 0.461328125 0.2921031426269138 0.07890625 0.05076551168412571
6 0.401953125 0.13013698630136986 0.06484375 0.0652699435938759
3 0.57109375 0.8444802578565673 0.1734375 0.128928283642224
3 0.72890625 0.6946011281224819 0.1125 0.11442385173247381
3 0.117578125 0.9540692989524577 0.17578125 0.09024979854955681
1 0.513671875 0.9327155519742143 0.06953125 0.13295729250604352
3 0.7703125 0.6587429492344883 0.1203125 0.11845286059629331
3 0.6875 0.7506043513295729 0.140625 0.11845286059629331
3 0.408984375 0.9403706688154714 0.15859375 0.11764705882352941
3 0.05546875 0.9730056406124094 0.1109375 0.04915390813859791
6 0.1328125 0.37469782433521354 0.1546875 0.1305398871877518
3 0.530078125 0.6841257050765511 0.09296875 0.09669621273166801
3 0.80546875 0.47703464947622887 0.0890625 0.08380338436744561
3 0.6203125 0.6164383561643836 0.090625 0.0854149879129734
3 0.808203125 0.5958904109589042 0.09140625 0.0991136180499597
3 0.026953125 0.4254633360193392 0.05390625 0.11603545527800162
3 0.1828125 0.9145850120870266 0.18125 0.12409347300564061
3 0.6390625 0.4605157131345689 0.090625 0.060435132957292505
3 0.60703125 0.4411764705882353 0.0765625 0.07977437550362611
3 0.301171875 0.9665592264302981 0.18828125 0.0652699435938759
1 0.482421875 0.3912167606768735 0.02109375 0.06365834004834811
3 0.638671875 0.13376309427880742 0.03359375 0.030620467365028204
3 0.572265625 0.13416599516518937 0.03203125 0.029814665592264304
3 0.621875 0.15914585012087026 0.0375 0.033037872683319904
3 0.62265625 0.22602739726027396 0.046875 0.04915390813859791
3 0.626953125 0.24536663980660758 0.03359375 0.033037872683319904
3 0.599609375 0.21112006446414183 0.03984375 0.048348106365834004
3 0.569140625 0.19943593875906526 0.02421875 0.0378726833199033
3 0.54921875 0.18775181305398872 0.01875 0.0499597099113618
3 0.536328125 0.18331990330378728 0.01171875 0.0378726833199033
3 0.5078125 0.22159548751007252 0.04375 0.032232070910556
3 0.516796875 0.23851732473811443 0.03828125 0.0257856567284448
3 0.522265625 0.27518130539887187 0.04453125 0.04593070104754231
3 0.473828125 0.20910556003223207 0.01015625 0.0265914585012087
3 0.480859375 0.21353746978243351 0.01015625 0.03384367445608381
3 0.4671875 0.20145044319097502 0.0140625 0.040290088638195005
3 0.355859375 0.3195004029008864 0.03984375 0.05076551168412571
3 0.32109375 0.32312651087832395 0.059375 0.046736502820306204
3 0.29140625 0.32997582594681707 0.028125 0.0427074939564867
3 0.246484375 0.33440773569701854 0.06640625 0.046736502820306204
3 0.22734375 0.35938759065269943 0.05 0.048348106365834004
3 0.206640625 0.38396454472199837 0.02578125 0.0652699435938759
3 0.371484375 0.048751007252215955 0.02890625 0.021756647864625302
3 0.344921875 0.06124093473005641 0.02421875 0.017727639000805803
3 0.41015625 0.057211925866236905 0.0234375 0.022562449637389202
3 0.34140625 0.09427880741337631 0.025 0.030620467365028204
3 0.415625 0.15511684125705077 0.0125 0.0249798549556809
3 0.43828125 0.17203867848509266 0.009375 0.0249798549556809
3 0.4484375 0.18331990330378728 0.0125 0.033037872683319904
3 0.537890625 0.10273972602739725 0.02421875 0.020145044319097503
3 0.540234375 0.0749395648670427 0.03046875 0.0257856567284448
3 0.619140625 0.029008863819500404 0.02578125 0.022562449637389202
3 0.548828125 0.12248186946011282 0.01796875 0.024174053182917002
3 0.762890625 0.4101531023368251 0.09609375 0.10153102336825141
3 0.652734375 0.5507655116841257 0.09140625 0.07010475423045931
3 0.651171875 0.5854149879129734 0.07734375 0.07010475423045931
3 0.60625 0.628928283642224 0.0859375 0.062046736502820304
3 0.576953125 0.6603545527800161 0.06640625 0.09427880741337631
3 0.362890625 0.8025785656728445 0.11171875 0.12570507655116842
3 0.27109375 0.8464947622884771 0.16875 0.14585012087026591
1 0.562890625 0.9254633360193393 0.05234375 0.1377921031426269
8 0.7078125 0.30177276390008057 0.1203125 0.18936341659951653
8 0.58671875 0.3126510878323932 0.0984375 0.11603545527800162
8 0.622265625 0.3759065269943594 0.10390625 0.10233682514101532
8 0.373828125 0.10838033843674456 0.04140625 0.058823529411764705
