3 0.55546875 0.8395784543325527 0.1015625 0.12177985948477751
3 0.440625 0.6692037470725996 0.0765625 0.08313817330210772
3 0.441796875 0.4174473067915691 0.04921875 0.04800936768149883
3 0.558203125 0.7540983606557377 0.13984375 0.1358313817330211
1 0.433203125 0.538056206088993 0.02109375 0.06206088992974239
3 0.527734375 0.5708430913348946 0.05234375 0.07142857142857142
3 0.587109375 0.5796252927400468 0.07890625 0.11475409836065574
3 0.508203125 0.5099531615925058 0.09296875 0.08548009367681499
3 0.573046875 0.4420374707259953 0.05078125 0.059718969555035126
3 0.555859375 0.4127634660421546 0.04140625 0.06440281030444965
3 0.54453125 0.3635831381733021 0.0359375 0.04800936768149883
3 0.523046875 0.23653395784543327 0.04609375 0.0936768149882904
3 0.457421875 0.28688524590163933 0.03828125 0.0468384074941452
3 0.216015625 0.7084309133489461 0.16328125 0.1053864168618267
3 0.232421875 0.3477751756440281 0.08671875 0.06323185011709602
3 0.330078125 0.2459016393442623 0.04140625 0.06323185011709602
3 0.270703125 0.101288056206089 0.03515625 0.040983606557377046
3 0.57578125 0.07142857142857142 0.0390625 0.03044496487119438
3 0.555078125 0.1288056206088993 0.07109375 0.03044496487119438
3 0.555859375 0.16393442622950818 0.03671875 0.04215456674473068
3 0.58125 0.3296252927400468 0.04375 0.03864168618266979
3 0.48828125 0.3231850117096019 0.0421875 0.03747072599531616
3 0.50546875 0.35304449648711944 0.046875 0.05269320843091335
3 0.43359375 0.3624121779859485 0.0421875 0.03395784543325527
3 0.45 0.3864168618266979 0.0453125 0.04449648711943794
3 0.4203125 0.3366510538641686 0.040625 0.040983606557377046
3 0.43984375 0.31381733021077285 0.034375 0.053864168618266976
1 0.157421875 0.6346604215456675 0.03046875 0.11007025761124122
1 0.183984375 0.6937939110070258 0.02578125 0.09484777517564402
1 0.126171875 0.7049180327868853 0.02421875 0.0585480093676815
1 0.490625 0.5796252927400468 0.0203125 0.06791569086651054
1 0.535546875 0.5035128805620609 0.02421875 0.06088992974238876
1 0.52578125 0.4028103044496487 0.015625 0.0585480093676815
1 0.50078125 0.3875878220140515 0.0140625 0.07494145199063232
