3 0.1140625 0.9312227074235808 0.1421875 0.13537117903930132
3 0.159375 0.7161572052401747 0.1171875 0.1222707423580786
3 0.1375 0.7969432314410481 0.134375 0.15283842794759825
3 0.409375 0.7832969432314411 0.1171875 0.12554585152838427
3 0.949609375 0.5332969432314411 0.09609375 0.0927947598253275
3 0.430078125 0.9388646288209607 0.13984375 0.12008733624454149
3 0.3953125 0.6839519650655022 0.096875 0.11244541484716157
3 0.80234375 0.4634279475982533 0.08125 0.08406113537117904
3 0.620703125 0.6593886462882096 0.10078125 0.13537117903930132
3 0.15 0.7516375545851528 0.1296875 0.1299126637554585
3 0.4015625 0.3804585152838428 0.0734375 0.07532751091703056
3 0.251953125 0.3307860262008734 0.06796875 0.06986899563318777
3 0.720703125 0.39847161572052403 0.07578125 0.08078602620087336
3 0.40703125 0.8990174672489083 0.1328125 0.14519650655021835
3 0.38671875 0.5316593886462883 0.075 0.07860262008733625
3 0.222265625 0.4705240174672489 0.07734375 0.1091703056768559
3 0.889453125 0.5027292576419214 0.08203125 0.07969432314410481
3 0.18984375 0.5070960698689956 0.090625 0.09716157205240175
3 0.194921875 0.5780567685589519 0.09921875 0.1277292576419214
3 0.7625 0.4328602620087336 0.06875 0.06877729257641921
3 0.59296875 0.5212882096069869 0.084375 0.08624454148471616
3 0.555859375 0.3837336244541485 0.08359375 0.07969432314410481
3 0.65625 0.834061135371179 0.1171875 0.1331877729257642
3 0.6578125 0.29694323144104806 0.0640625 0.06331877729257641
3 0.40859375 0.5584061135371179 0.09375 0.07532751091703056
3 0.656640625 0.36299126637554585 0.08046875 0.08406113537117904
3 0.25625 0.30622270742358076 0.0640625 0.08842794759825327
3 0.3984375 0.46888646288209607 0.0765625 0.08624454148471616
3 0.68203125 0.8569868995633187 0.115625 0.11135371179039301
3 0.76015625 0.9110262008733624 0.234375 0.16921397379912664
3 0.558203125 0.2390829694323144 0.05078125 0.05895196506550218
3 0.52265625 0.28002183406113534 0.0578125 0.055676855895196505
3 0.503515625 0.324235807860262 0.05859375 0.048034934497816595
3 0.506640625 0.35917030567685587 0.04453125 0.056768558951965066
3 0.5578125 0.4623362445414847 0.0859375 0.09497816593886463
3 0.6046875 0.5780567685589519 0.0890625 0.08406113537117904
3 0.650390625 0.75 0.12578125 0.09388646288209607
3 0.397265625 0.6304585152838428 0.11953125 0.14301310043668122
3 0.257421875 0.435589519650655 0.07734375 0.08951965065502183
3 0.241015625 0.3990174672489083 0.07421875 0.06441048034934498
3 0.234375 0.361353711790393 0.06875 0.043668122270742356
3 0.2765625 0.2838427947598253 0.04375 0.07205240174672489
3 0.2984375 0.2767467248908297 0.028125 0.0665938864628821
3 0.483203125 0.25054585152838427 0.04140625 0.05786026200873363
8 0.398828125 0.23526200873362446 0.08203125 0.16266375545851527
