3 0.8 0.7254098360655737 0.1859375 0.21194379391100704
3 0.20625 0.6967213114754098 0.165625 0.18266978922716628
3 0.752734375 0.6785714285714286 0.13984375 0.17681498829039813
3 0.713671875 0.6516393442622951 0.13671875 0.20023419203747073
1 0.562890625 0.6522248243559718 0.03984375 0.1522248243559719
3 0.60859375 0.6416861826697893 0.053125 0.07962529274004684
3 0.52578125 0.655152224824356 0.0390625 0.04800936768149883
3 0.24609375 0.6370023419203747 0.1625 0.20374707259953162
3 0.676953125 0.6779859484777517 0.06328125 0.14285714285714285
3 0.3375 0.6340749414519906 0.0484375 0.12763466042154567
