3 0.86796875 0.7470588235294118 0.25625 0.4964705882352941
3 0.530859375 0.46705882352941175 0.11015625 0.19294117647058823
3 0.55703125 0.49117647058823527 0.0828125 0.20588235294117646
3 0.75859375 0.558235294117647 0.2125 0.31176470588235294
3 0.6421875 0.5094117647058823 0.125 0.2823529411764706
3 0.46171875 0.4335294117647059 0.10625 0.19411764705882353
3 0.39765625 0.6041176470588235 0.10625 0.45529411764705885
3 0.24609375 0.6405882352941177 0.25 0.5047058823529412
3 0.28046875 0.3 0.0828125 0.09411764705882353
3 0.843359375 0.38058823529411767 0.09609375 0.09294117647058824
3 0.86953125 0.3347058823529412 0.0921875 0.07882352941176471
