3 0.64609375 0.6181061394380853 0.10625 0.11446409989594172
3 0.740234375 0.5790842872008325 0.06953125 0.06971904266389178
3 0.979296875 0.6004162330905307 0.03984375 0.08949011446409989
3 0.965625 0.5754422476586889 0.0609375 0.08740894901144641
3 0.10625 0.6087408949011447 0.121875 0.12903225806451613
3 0.030859375 0.6087408949011447 0.05859375 0.17273673257023933
3 0.55390625 0.5681581685744017 0.0453125 0.05202913631633715
3 0.790234375 0.5593132154006244 0.03359375 0.07388137356919876
3 0.85703125 0.5936524453694069 0.05625 0.07180020811654526
3 0.885546875 0.5718002081165453 0.06015625 0.08220603537981269
