3 0.2125 0.6633489461358314 0.190625 0.21428571428571427
3 0.37734375 0.5807962529274004 0.1140625 0.1288056206088993
3 0.19375 0.5439110070257611 0.1 0.10889929742388758
1 0.7765625 0.629976580796253 0.0671875 0.2459016393442623
3 0.552734375 0.477751756440281 0.09140625 0.11475409836065574
3 0.540625 0.4601873536299766 0.084375 0.117096018735363
3 0.483984375 0.39227166276346603 0.06953125 0.09836065573770492
3 0.21875 0.39285714285714285 0.071875 0.10187353629976581
3 0.053125 0.5480093676814989 0.0921875 0.11241217798594848
3 0.44609375 0.39227166276346603 0.0234375 0.07728337236533958
3 0.637109375 0.5749414519906323 0.11484375 0.17330210772833723
3 0.563671875 0.5778688524590164 0.02578125 0.12763466042154567
