3 0.5125 0.5907194994786236 0.0734375 0.06986444212721585
6 0.651953125 0.5333680917622523 0.08515625 0.11366006256517205
3 0.11640625 0.6152241918665277 0.1359375 0.08759124087591241
3 0.052734375 0.6517205422314911 0.10546875 0.15849843587069865
3 0.624609375 0.5813347236704901 0.05859375 0.049009384775808136
3 0.41875 0.5922836287799792 0.134375 0.11887382690302398
3 0.27265625 0.6058394160583942 0.1765625 0.1334723670490094
3 0.71640625 0.5610010427528676 0.03125 0.03128258602711158
3 0.73828125 0.5636079249217936 0.021875 0.028154327424400417
3 0.56953125 0.5818561001042752 0.0578125 0.054223149113660066
