8 0.23046875 0.45481220657276994 0.375 0.6443661971830986
8 0.82578125 0.49061032863849763 0.06875 0.11267605633802817
1 0.55078125 0.5833333333333334 0.06875 0.24647887323943662
3 0.513671875 0.5751173708920188 0.10234375 0.17370892018779344
3 0.666015625 0.5915492957746479 0.19609375 0.2605633802816901
3 0.8875 0.5134976525821596 0.04375 0.05046948356807512
3 0.91640625 0.49119718309859156 0.0390625 0.036384976525821594
3 0.915625 0.5134976525821596 0.0140625 0.0528169014084507
3 0.74765625 0.5046948356807511 0.0421875 0.09389671361502347
1 0.88359375 0.5134976525821596 0.0171875 0.0715962441314554
3 0.94765625 0.5 0.034375 0.03755868544600939
