3 0.502734375 0.6670574443141852 0.16015625 0.1477139507620164
3 0.27890625 0.6694021101992966 0.115625 0.1406799531066823
3 0.329296875 0.42145369284876905 0.07734375 0.10433763188745604
3 0.0359375 0.26436107854630714 0.0515625 0.059788980070339975
3 0.31484375 0.518757327080891 0.084375 0.10668229777256741
3 0.39375 0.31770222743259086 0.05625 0.06799531066822978
8 0.198046875 0.17057444314185227 0.09921875 0.13481828839390386
3 0.45 0.264947245017585 0.059375 0.08909730363423213
8 0.542578125 0.12661195779601406 0.07421875 0.08206330597889801
3 0.64375 0.14126611957796015 0.0328125 0.03634232121922626
