3 0.512109375 0.6740638002773925 0.09921875 0.13592233009708737
3 0.7046875 0.7406380027739251 0.15625 0.23300970873786409
3 0.11328125 0.673370319001387 0.140625 0.24826629680998613
3 0.308984375 0.6380027739251041 0.09765625 0.14979195561719832
6 0.54609375 0.4445214979195562 0.0609375 0.0957004160887656
3 0.6 0.630374479889043 0.059375 0.07073509015256588
3 0.6796875 0.5742024965325936 0.0515625 0.09431345353675451
6 0.60546875 0.47018030513176146 0.0625 0.12482662968099861
3 0.36484375 0.6227461858529819 0.046875 0.09153952843273232
3 0.03359375 0.6879334257975035 0.065625 0.26907073509015256
3 0.574609375 0.5825242718446602 0.05546875 0.07489597780859916
3 0.52890625 0.5665742024965326 0.0453125 0.056865464632454926
3 0.3984375 0.5811373092926491 0.053125 0.08599167822468794
3 0.311328125 0.5339805825242718 0.07734375 0.0638002773925104
3 0.325390625 0.5194174757281553 0.08046875 0.059639389736477116
3 0.36328125 0.5 0.059375 0.056865464632454926
3 0.386328125 0.48335644937586686 0.05078125 0.06241331484049931
3 0.4015625 0.46601941747572817 0.0515625 0.05825242718446602
3 0.452734375 0.4237170596393897 0.06640625 0.05409153952843273
3 0.662890625 0.5298196948682385 0.08828125 0.08599167822468794
3 0.655859375 0.3959778085991678 0.02890625 0.04299583911234397
3 0.633984375 0.3765603328710125 0.02421875 0.03467406380027739
3 0.576953125 0.37933425797503467 0.02890625 0.0319001386962552
3 0.5890625 0.3592233009708738 0.021875 0.030513176144244106
3 0.544921875 0.5145631067961165 0.04765625 0.06102635228848821
