3 0.273828125 0.8208232445520581 0.28515625 0.3050847457627119
1 0.812109375 0.7736077481840193 0.10546875 0.33171912832929784
1 0.903515625 0.8153753026634383 0.08984375 0.25544794188861986
3 0.0421875 0.7675544794188862 0.084375 0.20581113801452786
8 0.651953125 0.6313559322033898 0.13984375 0.2820823244552058
3 0.115234375 0.7263922518159807 0.13359375 0.18159806295399517
3 0.355859375 0.6924939467312349 0.10078125 0.1234866828087167
3 0.573828125 0.7415254237288136 0.08046875 0.1585956416464891
3 0.6171875 0.7245762711864406 0.0375 0.1343825665859564
1 0.852734375 0.700363196125908 0.04453125 0.19491525423728814
3 0.425390625 0.6743341404358354 0.03515625 0.07506053268765134
3 0.492578125 0.7639225181598063 0.14296875 0.19854721549636803
