3 0.239453125 0.6777777777777778 0.13671875 0.15555555555555556
3 0.71015625 0.44513888888888886 0.04375 0.06805555555555555
3 0.314453125 0.7659722222222223 0.14921875 0.2125
3 0.17578125 0.6194444444444445 0.146875 0.15
3 0.742578125 0.5638888888888889 0.07578125 0.12222222222222222
3 0.4875 0.7583333333333333 0.1078125 0.19166666666666668
3 0.545703125 0.47152777777777777 0.05078125 0.08194444444444444
3 0.493359375 0.42291666666666666 0.04921875 0.059722222222222225
3 0.865625 0.8784722222222222 0.1875 0.24027777777777778
3 0.586328125 0.3888888888888889 0.04609375 0.058333333333333334
3 0.640234375 0.41388888888888886 0.04453125 0.075
3 0.64375 0.5645833333333333 0.0625 0.10972222222222222
3 0.116796875 0.35 0.06640625 0.06944444444444445
3 0.654296875 0.7875 0.08984375 0.21388888888888888
3 0.453125 0.37569444444444444 0.05 0.07361111111111111
3 0.523828125 0.3458333333333333 0.03203125 0.05
3 0.496484375 0.31875 0.02890625 0.04583333333333333
3 0.501953125 0.25763888888888886 0.01953125 0.02638888888888889
3 0.522265625 0.28680555555555554 0.02578125 0.0375
3 0.551171875 0.28958333333333336 0.02421875 0.03194444444444444
3 0.5796875 0.33402777777777776 0.0234375 0.02638888888888889
3 0.63359375 0.3333333333333333 0.0265625 0.03888888888888889
3 0.69375 0.36319444444444443 0.034375 0.04861111111111111
3 0.688671875 0.3229166666666667 0.02578125 0.029166666666666667
3 0.68359375 0.2916666666666667 0.0234375 0.025
3 0.640234375 0.29097222222222224 0.02578125 0.043055555555555555
3 0.649609375 0.2388888888888889 0.02109375 0.03333333333333333
3 0.168359375 0.40347222222222223 0.06328125 0.059722222222222225
3 0.037890625 0.39652777777777776 0.06796875 0.05694444444444444
3 0.034375 0.42777777777777776 0.059375 0.06666666666666667
3 0.048828125 0.47430555555555554 0.08203125 0.09305555555555556
3 0.288671875 0.4340277777777778 0.04453125 0.059722222222222225
3 0.702734375 0.2590277777777778 0.02109375 0.029166666666666667
3 0.679296875 0.24375 0.01796875 0.029166666666666667
3 0.5859375 0.30625 0.025 0.034722222222222224
3 0.56640625 0.26875 0.0203125 0.02361111111111111
3 0.566015625 0.21944444444444444 0.01484375 0.022222222222222223
3 0.537890625 0.22291666666666668 0.01484375 0.020833333333333332
3 0.6109375 0.21597222222222223 0.015625 0.020833333333333332
8 0.3859375 0.36666666666666664 0.1765625 0.23333333333333334
8 0.2671875 0.3145833333333333 0.0453125 0.10694444444444444
8 0.2171875 0.3215277777777778 0.065625 0.10416666666666667
8 0.42578125 0.23125 0.065625 0.043055555555555555
8 0.482421875 0.20208333333333334 0.04453125 0.043055555555555555
8 0.575 0.1951388888888889 0.0171875 0.04027777777777778
8 0.553125 0.19722222222222222 0.01875 0.044444444444444446
