3 0.844140625 0.4130850047755492 0.12734375 0.17096466093600765
3 0.6625 0.4871060171919771 0.159375 0.22349570200573066
3 0.7484375 0.4684813753581662 0.1484375 0.2110792741165234
3 0.50703125 0.3194842406876791 0.1015625 0.09455587392550144
3 0.40859375 0.3247373447946514 0.0984375 0.0936007640878701
3 0.199609375 0.5324737344794651 0.38984375 0.4785100286532951
3 0.353515625 0.30897803247373445 0.04921875 0.06208213944603629
3 0.83984375 0.2874880611270296 0.11875 0.045845272206303724
3 0.703125 0.34097421203438394 0.159375 0.09551098376313276
3 0.828125 0.45176695319961796 0.065625 0.16427889207258833
3 0.53671875 0.5138490926456543 0.19375 0.2941738299904489
3 0.432421875 0.5315186246418339 0.20390625 0.33715377268385865
