3 0.19453125 0.8345111896348646 0.178125 0.2249705535924617
3 0.83359375 0.7709069493521791 0.18125 0.1967020023557126
3 0.16484375 0.5800942285041225 0.115625 0.1519434628975265
3 0.14453125 0.43462897526501765 0.08125 0.10365135453474676
3 0.887890625 0.5983510011778563 0.12734375 0.16725559481743227
3 0.666015625 0.6154299175500589 0.10234375 0.14958775029446408
3 0.730078125 0.6637220259128387 0.14765625 0.20141342756183744
3 0.949609375 0.6442873969375736 0.09921875 0.21201413427561838
3 0.080859375 0.2826855123674912 0.06171875 0.07773851590106007
3 0.924609375 0.9040047114252061 0.14921875 0.1872791519434629
3 0.1359375 0.24322732626619553 0.0546875 0.0624263839811543
8 0.6015625 0.20318021201413428 0.115625 0.2061248527679623
3 0.01953125 0.22614840989399293 0.0390625 0.0636042402826855
3 0.32734375 0.1978798586572438 0.0515625 0.061248527679623084
8 0.93984375 0.3869257950530035 0.1171875 0.30742049469964666
3 0.634375 0.5759717314487632 0.1015625 0.13663133097762073
3 0.472265625 0.3910482921083628 0.06640625 0.0989399293286219
8 0.788671875 0.29387514723203767 0.12421875 0.21083627797408716
8 0.841015625 0.3421672555948174 0.10390625 0.27208480565371024
3 0.62265625 0.38869257950530034 0.0625 0.09658421672555949
3 0.1265625 0.38515901060070673 0.075 0.09658421672555949
3 0.67421875 0.4040047114252061 0.0828125 0.10129564193168433
3 0.5828125 0.5200235571260307 0.1078125 0.12603062426383982
3 0.4609375 0.3333333333333333 0.0703125 0.10365135453474676
3 0.14453125 0.15312131919905772 0.05 0.08480565371024736
3 0.698828125 0.4458186101295642 0.06171875 0.1071849234393404
3 0.54140625 0.4628975265017668 0.090625 0.13191990577149587
3 0.119140625 0.21142520612485277 0.05703125 0.05535924617196702
3 0.94453125 0.9487632508833922 0.09375 0.07656065959952886
3 0.591796875 0.3386336866902238 0.07109375 0.07891637220259129
3 0.494921875 0.4293286219081272 0.02734375 0.09540636042402827
3 0.011328125 0.14840989399293286 0.01953125 0.05418138987043581
3 0.294921875 0.13191990577149587 0.02578125 0.028268551236749116
3 0.366796875 0.1702002355712603 0.02109375 0.053003533568904596
8 0.6875 0.23380447585394581 0.0890625 0.2061248527679623
8 0.525 0.19846878680800942 0.0390625 0.1071849234393404
8 0.499609375 0.13780918727915195 0.07265625 0.12014134275618374
8 0.447265625 0.09717314487632508 0.05078125 0.0624263839811543
8 0.3640625 0.1160188457008245 0.065625 0.11425206124852769
8 0.06015625 0.13898704358068315 0.0578125 0.127208480565371
8 0.0984375 0.12426383981154299 0.03125 0.08362779740871613
6 0.428515625 0.1896348645465253 0.09609375 0.1625441696113074
6 0.465625 0.23557126030624265 0.065625 0.09658421672555949
