3 0.913671875 0.8525872442839952 0.08984375 0.11913357400722022
3 0.755078125 0.8441636582430806 0.08984375 0.13598074608904934
3 0.70234375 0.5902527075812274 0.059375 0.07340553549939831
3 0.618359375 0.6606498194945848 0.06328125 0.06738868832731648
3 0.872265625 0.6931407942238267 0.06796875 0.0914560770156438
3 0.309375 0.9663056558363418 0.1140625 0.06016847172081829
3 0.457421875 0.4362214199759326 0.04140625 0.049338146811071
3 0.54296875 0.9596871239470517 0.0921875 0.07821901323706378
3 0.743359375 0.9813477737665464 0.09453125 0.03489771359807461
8 0.433984375 0.6847172081829122 0.12734375 0.2503008423586041
3 0.88671875 0.4007220216606498 0.0484375 0.05535499398315283
3 0.59609375 0.7731648616125151 0.078125 0.09747292418772563
3 0.565625 0.8561973525872443 0.090625 0.11191335740072202
3 0.3703125 0.8880866425992779 0.096875 0.12033694344163658
3 0.841796875 0.6221419975932612 0.07421875 0.11070998796630566
3 0.734375 0.36401925391095064 0.0421875 0.049338146811071
3 0.469140625 0.5475330926594465 0.06015625 0.05535499398315283
3 0.52109375 0.48495788206979545 0.0421875 0.048134777376654635
3 0.5625 0.5096269554753309 0.0421875 0.056558363417569195
3 0.5578125 0.5475330926594465 0.0171875 0.052948255114320095
3 0.59609375 0.5709987966305656 0.05625 0.11913357400722022
3 0.63046875 0.49338146811071 0.046875 0.06979542719614922
3 0.698046875 0.48194945848375453 0.03984375 0.044524669073405534
3 0.729296875 0.5138387484957883 0.02734375 0.052948255114320095
3 0.633203125 0.35679903730445245 0.03515625 0.039711191335740074
3 0.575390625 0.32250300842358604 0.03359375 0.03369434416365824
3 0.099609375 0.32611311672683513 0.02890625 0.036101083032490974
3 0.020703125 0.3020457280385078 0.02890625 0.036101083032490974
3 0.1359375 0.2924187725631769 0.0359375 0.036101083032490974
3 0.15078125 0.3297232250300842 0.034375 0.04091456077015644
3 0.198046875 0.29061371841155237 0.03515625 0.02045728038507822
3 0.1984375 0.3128760529482551 0.0375 0.03369434416365824
3 0.1765625 0.3231046931407942 0.0265625 0.039711191335740074
3 0.08671875 0.28760529482551145 0.0296875 0.031287605294825514
3 0.5265625 0.4187725631768953 0.0375 0.0457280385078219
3 0.674609375 0.549338146811071 0.04765625 0.049338146811071
8 0.58203125 0.4157641395908544 0.071875 0.11672683513838748
8 0.36875 0.38267148014440433 0.06875 0.07220216606498195
3 0.28515625 0.381468110709988 0.04375 0.05054151624548736
