3 0.311328125 0.6681304893350063 0.13359375 0.1618569636135508
3 0.8515625 0.8638644918444166 0.1515625 0.20702634880803011
3 0.201953125 0.814930991217064 0.16953125 0.24215809284818068
3 0.1546875 0.5664993726474279 0.140625 0.1794228356336261
3 0.0375 0.4981179422835634 0.075 0.1329987452948557
3 0.063671875 0.6637390213299874 0.12421875 0.17565872020075282
3 0.371875 0.6022584692597239 0.0875 0.12797992471769135
3 0.4078125 0.5627352572145545 0.09375 0.14178168130489335
3 0.22265625 0.5050188205771644 0.090625 0.1493099121706399
6 0.30234375 0.349435382685069 0.1578125 0.31493099121706397
3 0.0953125 0.4247176913425345 0.103125 0.14178168130489335
3 0.29140625 0.4504391468005019 0.0828125 0.09786700125470514
3 0.270703125 0.47741530740276034 0.02890625 0.10414052697616061
3 0.2109375 0.5445420326223338 0.0234375 0.14303638644918445
3 0.167578125 0.4090338770388959 0.04765625 0.07779171894604768
3 0.187890625 0.3713927227101631 0.05234375 0.05771643663739021
3 0.4296875 0.48243412797992474 0.1078125 0.17691342534504392
3 0.506640625 0.46486825595984943 0.04921875 0.12421580928481807
3 0.51875 0.4203262233375157 0.0671875 0.10037641154328733
3 0.54140625 0.39084065244667504 0.0640625 0.10664993726474278
3 0.57734375 0.35319949811794227 0.0796875 0.10664993726474278
3 0.632421875 0.3180677540777917 0.05234375 0.08406524466750313
3 0.672265625 0.28920953575909664 0.02265625 0.08406524466750313
3 0.669921875 0.2741530740276035 0.07109375 0.10414052697616061
3 0.713671875 0.2741530740276035 0.02734375 0.07904642409033877
3 0.53046875 0.2697616060225847 0.053125 0.06775407779171895
3 0.566796875 0.2521957340025094 0.05078125 0.05269761606022585
3 0.74609375 0.19949811794228356 0.0765625 0.14303638644918445
3 0.803515625 0.19824341279799249 0.02890625 0.09284818067754078
3 0.822265625 0.20451693851944794 0.02265625 0.06775407779171895
3 0.833984375 0.17314930991217065 0.04453125 0.09535759096612297
3 0.86171875 0.15683814303638646 0.0390625 0.08030112923462986
3 0.88828125 0.16122961104140526 0.0265625 0.05897114178168131
3 0.583203125 0.1411543287327478 0.05390625 0.06148055207026349
3 0.682421875 0.1932245922208281 0.04921875 0.060225846925972396
3 0.63671875 0.18193224592220827 0.04375 0.04265997490589712
3 0.5859375 0.22208281053952322 0.065625 0.08030112923462986
3 0.921484375 0.13676286072772897 0.05234375 0.08782936010037641
8 0.209765625 0.24215809284818068 0.13828125 0.2584692597239649
8 0.3859375 0.24153074027603513 0.190625 0.2396486825595985
8 0.726171875 0.11606022584692598 0.08984375 0.20702634880803011
8 0.645703125 0.09849435382685069 0.07578125 0.17440401505646172
