3 0.66484375 0.3877721943048576 0.1265625 0.16917922948073702
6 0.43671875 0.23283082077051925 0.165625 0.2981574539363484
3 0.111328125 0.39112227805695143 0.12734375 0.19597989949748743
3 0.7 0.6180904522613065 0.2125 0.39865996649916247
3 0.80703125 0.7102177554438861 0.2703125 0.47906197654941374
3 0.79375 0.38944723618090454 0.128125 0.17922948073701842
3 0.598046875 0.3157453936348409 0.09453125 0.1490787269681742
3 0.333203125 0.46733668341708545 0.12109375 0.2780569514237856
3 0.30859375 0.41792294807370184 0.109375 0.2663316582914573
3 0.234375 0.35175879396984927 0.0796875 0.18760469011725292
3 0.355859375 0.48576214405360135 0.08515625 0.2847571189279732
3 0.16640625 0.2102177554438861 0.065625 0.12227805695142378
3 0.13046875 0.17839195979899497 0.0375 0.10217755443886097
3 0.073828125 0.09212730318257957 0.03515625 0.07035175879396985
3 0.10859375 0.17336683417085427 0.0203125 0.10217755443886097
3 0.2625 0.1574539363484087 0.046875 0.06700167504187604
3 0.32578125 0.2135678391959799 0.025 0.06532663316582915
3 0.492578125 0.5636515912897823 0.20078125 0.36683417085427134
3 0.4109375 0.5150753768844221 0.0796875 0.30318257956448913
3 0.233984375 0.13316582914572864 0.03359375 0.07537688442211055
