3 0.750390625 0.6248266296809986 0.24765625 0.31761442441054094
3 0.478515625 0.7191400832177531 0.27578125 0.36754507628294036
6 0.1109375 0.49653259361997226 0.0984375 0.18030513176144244
3 0.2734375 0.6040221914008321 0.18125 0.289875173370319
3 0.49140625 0.515256588072122 0.0796875 0.06796116504854369
3 0.597265625 0.5679611650485437 0.11328125 0.17614424410540916
3 0.187109375 0.5194174757281553 0.05078125 0.08737864077669903
3 0.3796875 0.5305131761442441 0.06875 0.09847434119278779
3 0.890625 0.5707350901525658 0.18125 0.289875173370319
3 0.037109375 0.4882108183079057 0.03671875 0.044382801664355064
3 0.44375 0.5312066574202496 0.096875 0.049930651872399444
