3 0.145703125 0.8510028653295129 0.13828125 0.23209169054441262
3 0.14609375 0.5945558739255015 0.109375 0.1518624641833811
3 0.841015625 0.5744985673352435 0.10234375 0.17191977077363896
3 0.5875 0.5730659025787965 0.084375 0.12034383954154727
3 0.746484375 0.7750716332378224 0.12265625 0.20057306590257878
3 0.307421875 0.6017191977077364 0.10078125 0.1518624641833811
3 0.463671875 0.33882521489971346 0.06171875 0.09025787965616046
3 0.6328125 0.4169054441260745 0.0734375 0.12893982808022922
3 0.5421875 0.8108882521489972 0.13125 0.24068767908309455
3 0.516015625 0.24570200573065903 0.04921875 0.07306590257879657
3 0.3296875 0.38037249283667623 0.0671875 0.09598853868194843
3 0.0828125 0.38108882521489973 0.0546875 0.09169054441260745
3 0.373828125 0.47636103151862463 0.08046875 0.13896848137535817
3 0.478125 0.29011461318051573 0.0578125 0.07306590257879657
3 0.401171875 0.4262177650429799 0.06953125 0.1017191977077364
3 0.266015625 0.45988538681948427 0.07734375 0.12607449856733524
3 0.34921875 0.29083094555873923 0.05625 0.09742120343839542
3 0.18515625 0.42335243553008595 0.0921875 0.14469914040114612
8 0.776953125 0.1339541547277937 0.04921875 0.10458452722063037
8 0.75234375 0.41045845272206305 0.1046875 0.25358166189111747
8 0.748046875 0.24713467048710602 0.08984375 0.08166189111747851
8 0.565625 0.058022922636103154 0.034375 0.0673352435530086
3 0.4296875 0.23710601719197708 0.0578125 0.0988538681948424
3 0.462890625 0.22564469914040114 0.01953125 0.06160458452722063
3 0.558203125 0.17765042979942694 0.03515625 0.054441260744985676
3 0.503515625 0.15401146131805157 0.03359375 0.050143266475644696
3 0.5328125 0.1346704871060172 0.0265625 0.034383954154727794
3 0.5765625 0.14040114613180515 0.03125 0.03724928366762178
3 0.677734375 0.14040114613180515 0.03359375 0.05157593123209169
3 0.1109375 0.3452722063037249 0.046875 0.06876790830945559
3 0.734375 0.11604584527220631 0.0328125 0.04871060171919771
3 0.7171875 0.15974212034383956 0.03125 0.03868194842406877
3 0.73828125 0.1819484240687679 0.0359375 0.03724928366762178
3 0.91875 0.11461318051575932 0.04375 0.06017191977077364
3 0.141015625 0.3173352435530086 0.04609375 0.0673352435530086
3 0.603515625 0.07234957020057306 0.02734375 0.044412607449856735
