3 0.434375 0.6658119658119658 0.159375 0.2512820512820513
3 0.139453125 0.629059829059829 0.20703125 0.30085470085470084
3 0.316796875 0.5811965811965812 0.10703125 0.20854700854700856
3 0.701953125 0.7008547008547008 0.23671875 0.4888888888888889
3 0.5125 0.5905982905982906 0.0671875 0.1282051282051282
8 0.385546875 0.452991452991453 0.09296875 0.22564102564102564
3 0.240625 0.541025641025641 0.065625 0.10427350427350428
3 0.5609375 0.541025641025641 0.0484375 0.09401709401709402
3 0.45859375 0.5025641025641026 0.03125 0.044444444444444446
3 0.03359375 0.8205128205128205 0.0625 0.35555555555555557
3 0.5234375 0.5025641025641026 0.0359375 0.06153846153846154
8 0.636328125 0.4846153846153846 0.11015625 0.2512820512820513
8 0.47734375 0.46324786324786327 0.0453125 0.09914529914529914
8 0.309765625 0.44358974358974357 0.04140625 0.07692307692307693
