3 0.48984375 0.8130896226415094 0.3921875 0.3714622641509434
3 0.248046875 0.6362028301886793 0.12421875 0.10966981132075472
3 0.691796875 0.5689858490566038 0.11328125 0.1733490566037736
1 0.923046875 0.6680424528301887 0.15234375 0.6238207547169812
3 0.38046875 0.6020047169811321 0.1296875 0.10023584905660378
3 0.734765625 0.4876179245283019 0.06640625 0.07665094339622641
3 0.266015625 0.566627358490566 0.10546875 0.08608490566037735
3 0.458203125 0.5577830188679245 0.08828125 0.07075471698113207
3 0.123046875 0.7476415094339622 0.24609375 0.19103773584905662
3 0.38828125 0.8502358490566038 0.4765625 0.294811320754717
3 0.574609375 0.5206367924528302 0.10859375 0.08608490566037735
3 0.59609375 0.6079009433962265 0.1875 0.11438679245283019
6 0.3625 0.4811320754716981 0.1359375 0.14150943396226415
3 0.196484375 0.4681603773584906 0.07421875 0.14386792452830188
3 0.387890625 0.5972877358490566 0.11796875 0.09080188679245282
1 0.844921875 0.44870283018867924 0.02265625 0.11438679245283019
1 0.784375 0.4498820754716981 0.0109375 0.036556603773584904
1 0.251953125 0.4705188679245283 0.00859375 0.05188679245283019
1 0.28359375 0.49410377358490565 0.0140625 0.04009433962264151
1 0.686328125 0.419811320754717 0.01015625 0.04009433962264151
1 0.698828125 0.41922169811320753 0.01015625 0.036556603773584904
1 0.658203125 0.42747641509433965 0.01015625 0.027122641509433963
8 0.558984375 0.42629716981132076 0.05234375 0.055424528301886794
