3 0.087109375 0.8381612090680101 0.17421875 0.2959697732997481
3 0.497265625 0.809823677581864 0.06015625 0.07808564231738035
3 0.79453125 0.8526448362720404 0.175 0.24433249370277077
3 0.569921875 0.8136020151133502 0.06640625 0.0982367758186398
6 0.383984375 0.7518891687657431 0.10546875 0.19395465994962216
3 0.26328125 0.792191435768262 0.040625 0.055415617128463476
3 0.207421875 0.7827455919395466 0.03984375 0.05415617128463476
3 0.29921875 0.7978589420654912 0.025 0.036523929471032744
3 0.324609375 0.8136020151133502 0.01796875 0.042821158690176324
3 0.45234375 0.7978589420654912 0.040625 0.07682619647355164
3 0.661328125 0.8192695214105793 0.09765625 0.14483627204030228
