3 0.6982017200938233 0.4781491002570694 0.17200938232994528 0.11482433590402742
3 0.40383111806098515 0.68337617823479 0.13995308835027365 0.24078834618680378
3 0.25840500390930415 0.5119965724078834 0.1383893666927287 0.1636675235646958
3 0.4906176700547303 0.25149957155098546 0.06489444878811572 0.0728363324764353
3 0.6950742767787333 0.12125107112253641 0.0328381548084441 0.026563838903170524
3 0.7521501172791243 0.1649528706083976 0.0437842064112588 0.03513281919451585
3 0.7685691946833464 0.1932305055698372 0.0437842064112588 0.038560411311053984
3 0.6735731039874903 0.2403598971722365 0.04925723221266615 0.04884318766066838
3 0.6598905394839718 0.32947729220222793 0.08600469116497264 0.13967437874892888
3 0.7111024237685692 0.27206512425021423 0.05394839718530102 0.05741216795201371
3 0.47732603596559814 0.47257926306769493 0.10398749022673964 0.16195372750642673
1 0.6129788897576232 0.21636675235646957 0.020328381548084442 0.04884318766066838
3 0.7509773260359656 0.08097686375321336 0.027365129007036748 0.02313624678663239
3 0.7638780297107115 0.055269922879177376 0.02501954652071931 0.02313624678663239
