3 0.629296875 0.7568697729988052 0.12109375 0.18040621266427717
3 0.29453125 0.4145758661887694 0.05 0.06690561529271206
3 0.865234375 0.46296296296296297 0.07578125 0.06571087216248507
3 0.38984375 0.4199522102747909 0.0578125 0.09438470728793309
3 0.30859375 0.3363201911589008 0.0359375 0.04898446833930705
3 0.821875 0.3817204301075269 0.05 0.056152927120669056
3 0.691015625 0.3100358422939068 0.03671875 0.04181600955794504
3 0.57734375 0.2694145758661888 0.0296875 0.03464755077658303
3 0.373046875 0.25149342891278376 0.02109375 0.022700119474313024
3 0.36796875 0.21923536439665472 0.0171875 0.02031063321385902
3 0.37734375 0.35125448028673834 0.040625 0.043010752688172046
3 0.39375 0.2114695340501792 0.0171875 0.021505376344086023
