3 0.359765625 0.5951143451143451 0.13046875 0.1444906444906445
3 0.094140625 0.7068607068607069 0.16796875 0.19126819126819128
3 0.44609375 0.5478170478170478 0.10625 0.11642411642411643
3 0.22578125 0.6408523908523909 0.165625 0.1943866943866944
3 0.75 0.6683991683991684 0.153125 0.16632016632016633
3 0.861328125 0.4760914760914761 0.09296875 0.12058212058212059
3 0.83125 0.5566528066528067 0.103125 0.10083160083160084
3 0.516015625 0.49532224532224534 0.09140625 0.09667359667359668
3 0.702734375 0.45322245322245325 0.08828125 0.0893970893970894
3 0.268359375 0.5275467775467776 0.09609375 0.07588357588357589
3 0.35625 0.47557172557172556 0.078125 0.07588357588357589
3 0.41328125 0.4391891891891892 0.0796875 0.06964656964656965
3 0.51953125 0.3310810810810811 0.0671875 0.05301455301455302
3 0.539453125 0.43607068607068605 0.08828125 0.10706860706860707
3 0.6 0.3913721413721414 0.0640625 0.08004158004158005
3 0.62890625 0.3591476091476091 0.059375 0.08004158004158005
3 0.558203125 0.30457380457380456 0.04296875 0.058212058212058215
3 0.797265625 0.28846153846153844 0.06796875 0.07588357588357589
3 0.651171875 0.32484407484407485 0.06171875 0.0945945945945946
3 0.58046875 0.26455301455301455 0.05 0.05301455301455302
